4,20,6
10,13,5
10,20,6
10,21,5
10,24,8
10,89,5
20,21,6
20,24,6
21,24,5
46,48,6
46,50,5
46,52,5
46,74,6
47,48,5
47,50,5
47,74,5
47,280,5
48,50,12
48,52,5
48,65,7
48,66,6
48,67,5
48,73,6
48,74,12
48,147,6
48,313,7
48,314,7
48,964,8
50,65,8
50,66,6
50,67,5
50,69,5
50,73,7
50,74,12
50,147,7
50,148,5
50,280,6
50,313,6
50,314,5
50,964,6
52,74,5
61,109,5
65,66,6
65,67,5
65,71,5
65,73,15
65,74,7
65,82,5
65,147,11
65,280,9
66,67,7
66,73,5
66,74,5
67,73,7
67,74,7
68,83,9
69,74,8
71,73,5
73,74,9
73,82,5
73,147,9
73,280,8
74,147,6
74,280,5
74,313,5
74,314,5
74,628,5
74,964,5
89,92,5
89,109,6
147,148,34
147,158,5
147,183,5
147,185,12
147,188,6
147,190,12
147,192,13
147,194,5
147,201,5
147,212,6
147,216,10
147,217,18
147,218,13
147,221,7
147,231,6
147,239,14
147,241,41
147,242,8
147,243,5
147,253,9
147,265,5
147,266,12
147,269,14
147,280,25
147,282,5
147,295,11
147,313,22
147,314,11
147,315,9
147,318,7
147,319,16
147,325,6
147,327,12
147,328,6
147,329,5
147,331,9
147,334,7
147,349,9
147,355,5
147,357,5
147,358,5
147,381,6
147,390,5
147,401,5
147,414,12
147,476,6
147,482,8
147,483,12
147,484,13
147,489,7
147,490,6
147,491,7
147,493,7
147,519,6
147,521,6
147,533,5
147,542,5
147,545,5
147,546,6
147,547,8
147,550,5
147,551,6
147,552,5
147,553,8
147,554,9
147,555,9
147,561,5
147,562,9
147,565,7
147,566,5
147,578,8
147,581,5
147,608,6
147,654,6
147,749,5
147,763,5
147,781,5
147,791,7
147,797,5
147,803,5
147,808,6
147,812,16
147,830,14
147,837,20
147,841,14
147,964,6
147,1322,8
148,185,6
148,188,6
148,190,6
148,201,5
148,212,5
148,217,9
148,239,9
148,241,20
148,242,6
148,259,7
148,265,5
148,266,9
148,269,16
148,280,11
148,295,10
148,313,8
148,314,6
148,319,6
148,327,5
148,328,5
148,349,6
148,357,5
148,401,6
148,446,5
148,476,7
148,482,8
148,483,7
148,484,7
148,489,7
148,490,7
148,491,6
148,493,5
148,521,5
148,542,5
148,544,5
148,545,5
148,547,9
148,562,11
148,565,6
148,566,5
148,578,6
148,589,5
148,654,6
148,749,5
148,763,7
148,765,5
148,1323,6
150,151,5
150,154,5
150,164,5
150,178,5
150,212,5
150,544,8
150,562,5
152,181,6
152,210,7
152,211,8
152,219,5
152,221,7
152,241,8
152,251,8
152,261,6
152,262,5
152,279,9
152,297,9
152,337,5
152,405,7
152,1137,5
152,1192,6
152,1193,5
152,1208,5
157,161,5
158,159,5
158,163,5
158,164,6
159,163,7
159,164,5
163,164,5
163,165,5
164,165,5
164,178,5
165,489,5
165,589,5
179,180,5
179,533,6
180,392,5
180,533,5
180,573,5
181,211,6
181,221,5
181,251,9
181,337,6
181,404,6
181,477,5
181,530,5
181,569,6
181,667,9
181,668,9
181,669,8
181,800,6
181,803,6
181,809,5
181,1137,10
181,1138,9
181,1141,6
181,1142,7
181,1143,9
181,1144,9
181,1145,8
181,1146,8
181,1147,5
181,1148,5
181,1150,5
181,1151,6
181,1192,6
181,1193,5
183,185,6
183,216,5
184,306,5
184,307,5
184,308,5
184,366,5
184,388,5
185,188,11
185,189,5
185,190,6
185,201,8
185,209,8
185,212,9
185,216,10
185,217,5
185,222,6
185,231,8
185,241,6
185,280,6
185,319,8
185,331,7
185,349,7
185,358,5
185,381,6
185,390,6
185,399,6
185,401,6
185,402,5
185,414,6
185,441,5
185,446,5
185,468,5
185,473,5
185,476,6
185,482,7
185,483,6
185,484,5
185,485,5
185,489,7
185,490,7
185,491,9
185,493,9
185,500,5
185,517,5
185,521,5
185,533,8
185,542,5
185,544,5
185,545,5
185,547,9
185,562,9
185,563,5
185,565,5
185,566,5
185,578,5
185,589,6
185,654,5
185,725,5
185,739,5
185,742,5
185,743,5
185,749,6
185,761,7
185,763,6
185,766,6
185,767,6
185,769,6
188,201,9
188,216,6
188,231,6
188,266,5
188,280,6
188,295,5
188,327,5
188,334,5
188,349,6
188,381,6
188,399,6
188,414,5
188,441,7
188,446,5
188,482,6
188,484,5
188,489,6
188,490,6
188,491,9
188,493,7
188,515,5
188,521,7
188,527,5
188,542,5
188,545,5
188,547,8
188,562,6
188,566,5
188,578,6
188,587,5
188,589,5
188,654,5
188,749,6
188,761,7
188,763,7
188,766,7
188,767,6
188,769,6
189,190,6
189,201,5
189,246,6
189,318,17
189,319,11
189,331,8
189,357,6
189,358,6
189,369,6
189,382,7
189,383,7
189,390,8
189,402,6
189,403,6
189,468,5
189,483,6
189,517,6
189,533,5
189,562,5
189,654,5
190,202,5
190,217,7
190,224,5
190,242,6
190,250,5
190,254,5
190,282,5
190,313,12
190,318,8
190,319,48
190,331,9
190,383,7
190,390,7
190,391,5
190,392,8
190,395,6
190,401,5
190,403,8
190,422,8
190,476,5
190,483,6
190,517,6
190,519,5
190,521,5
190,533,17
190,578,6
190,587,5
190,631,5
190,654,5
190,656,11
191,305,5
191,306,5
191,307,7
191,308,5
191,359,5
191,360,5
191,361,5
191,362,5
191,363,5
191,364,5
191,365,5
191,366,6
191,367,6
191,386,5
191,387,5
191,388,6
192,241,6
192,315,6
192,319,8
192,414,5
192,576,5
192,578,5
192,918,5
194,483,11
194,484,5
194,489,6
196,562,6
197,483,5
197,484,8
200,201,6
200,241,5
200,349,6
200,381,6
200,399,6
200,414,5
201,212,5
201,217,5
201,231,5
201,233,6
201,239,5
201,241,7
201,243,5
201,245,5
201,280,5
201,295,5
201,318,9
201,319,5
201,327,5
201,331,5
201,334,5
201,349,10
201,357,5
201,358,6
201,381,9
201,382,5
201,383,5
201,390,7
201,399,9
201,401,5
201,402,5
201,404,5
201,414,10
201,441,5
201,446,5
201,465,5
201,476,5
201,478,5
201,482,6
201,483,7
201,484,5
201,489,7
201,490,6
201,491,9
201,493,7
201,515,5
201,521,5
201,527,5
201,533,5
201,545,6
201,547,10
201,548,5
201,549,5
201,562,10
201,566,5
201,578,5
201,589,5
201,654,7
201,749,6
201,761,9
201,763,9
201,764,7
201,765,6
201,766,8
201,767,7
201,769,8
202,319,5
202,331,11
203,837,5
205,626,5
205,1033,5
205,1034,5
207,221,6
209,212,9
209,216,8
209,222,6
209,229,5
209,231,7
210,211,10
210,219,10
210,221,5
210,279,8
210,297,5
210,827,5
211,219,8
211,241,5
211,251,5
211,260,5
211,262,5
211,279,10
211,405,5
211,827,5
211,1137,5
212,216,8
212,222,6
212,231,8
212,331,5
212,349,6
212,466,5
212,482,5
212,489,5
212,490,5
212,491,6
212,493,5
212,544,6
212,547,5
212,562,12
212,581,7
212,589,5
212,654,5
212,1304,5
215,1487,5
216,222,6
216,231,8
216,241,8
216,315,5
216,319,7
216,349,7
216,358,5
216,381,5
216,383,5
216,414,6
216,491,5
216,493,5
216,547,5
216,562,5
216,565,6
216,566,5
216,725,5
216,764,5
217,233,5
217,241,12
217,242,9
217,243,6
217,249,5
217,266,5
217,269,6
217,280,6
217,295,5
217,319,8
217,355,5
217,358,8
217,390,6
217,391,5
217,401,6
217,402,10
217,404,5
217,468,5
217,476,9
217,482,5
217,483,5
217,489,6
217,490,5
217,491,5
217,493,5
217,517,5
217,521,5
217,542,5
217,545,6
217,547,6
217,551,5
217,552,5
217,553,7
217,554,8
217,555,8
217,562,7
217,563,5
217,565,5
217,566,5
217,585,5
217,589,5
217,629,5
217,654,11
217,749,6
217,781,9
217,800,6
217,803,9
217,809,8
217,811,6
217,837,5
217,1322,5
218,241,13
218,253,5
218,259,8
218,551,5
218,787,5
218,791,6
218,797,5
218,803,7
218,812,12
218,813,5
218,814,6
218,830,10
218,831,5
218,832,5
218,837,17
218,838,6
218,839,8
218,841,8
219,260,5
219,279,7
219,297,5
221,261,7
221,262,6
221,405,6
222,231,6
224,225,6
224,228,8
224,319,5
224,533,5
230,390,5
230,401,5
230,404,8
230,517,5
230,573,6
230,619,6
230,629,5
230,654,5
230,658,5
230,663,9
231,491,5
231,547,5
233,243,6
233,314,5
233,315,6
233,318,11
233,319,7
233,325,5
233,327,8
233,329,5
233,331,7
233,334,5
233,357,7
233,358,7
233,382,6
233,383,8
233,402,8
233,414,7
233,476,5
233,482,5
233,483,5
233,489,6
233,545,5
233,546,5
233,562,6
233,654,6
234,476,8
239,241,11
239,265,5
239,266,5
239,269,5
239,280,5
239,295,5
239,349,5
239,837,10
241,242,8
241,243,5
241,248,6
241,250,5
241,253,14
241,259,6
241,263,5
241,266,11
241,269,12
241,280,8
241,295,6
241,313,9
241,314,5
241,315,8
241,318,7
241,319,9
241,325,6
241,327,5
241,331,5
241,349,10
241,355,7
241,358,6
241,381,10
241,390,5
241,399,6
241,401,7
241,402,5
241,414,15
241,476,6
241,482,5
241,483,6
241,489,5
241,490,5
241,491,5
241,493,6
241,517,5
241,547,10
241,551,7
241,553,9
241,554,8
241,555,6
241,562,10
241,563,5
241,565,5
241,578,5
241,654,5
241,686,5
241,749,5
241,761,5
241,791,5
241,797,9
241,800,9
241,803,12
241,808,9
241,812,8
241,830,16
241,832,5
241,837,24
241,839,5
241,841,14
241,1328,8
242,250,8
242,266,5
242,269,6
242,319,7
242,331,5
242,517,5
243,313,5
243,315,5
243,318,8
243,327,5
243,331,6
243,334,5
243,349,6
243,355,7
243,357,7
243,358,6
243,381,6
243,383,5
243,392,5
243,394,5
243,414,5
243,482,5
243,483,6
243,489,6
243,490,5
243,491,5
243,515,5
243,517,5
243,521,5
243,533,7
243,545,5
243,562,5
243,629,5
243,654,5
243,749,6
243,830,5
245,319,6
245,331,6
245,390,5
245,403,8
245,466,5
245,476,6
245,489,5
245,517,5
245,533,6
245,562,6
246,358,7
246,369,8
246,402,8
246,404,5
250,251,6
250,319,6
250,1483,6
251,337,9
251,405,5
251,1137,6
251,1142,5
251,1143,5
251,1144,5
251,1192,5
251,1194,5
251,1208,5
251,1380,6
253,787,5
253,812,6
253,837,8
253,841,6
253,1328,14
254,319,6
254,383,12
254,517,12
254,533,5
257,296,5
259,269,7
259,812,6
259,814,7
259,832,7
259,837,5
259,839,10
259,843,5
260,279,6
260,297,6
261,262,8
261,279,5
261,297,5
261,405,5
262,1191,5
262,1192,5
262,1193,5
262,1194,5
265,266,6
265,269,5
265,280,5
266,269,12
266,280,5
266,295,5
266,837,5
267,318,5
267,325,5
267,390,6
267,401,5
267,572,5
268,269,7
269,280,6
269,295,5
269,832,5
269,837,6
269,839,5
272,812,5
279,297,9
279,405,5
279,827,5
279,1208,5
280,295,13
280,313,9
280,314,7
280,327,6
280,328,5
280,334,7
280,390,5
280,446,5
280,482,7
280,483,6
280,484,7
280,489,7
280,490,6
280,491,6
280,515,5
280,521,6
280,527,5
280,542,5
280,545,5
280,547,6
280,562,6
280,566,5
280,578,7
280,654,5
280,749,6
280,763,5
280,964,5
282,319,6
283,484,6
283,542,9
283,543,11
283,544,9
283,545,10
283,546,8
283,561,5
283,562,9
283,563,5
283,565,10
283,566,6
283,567,5
283,568,5
284,320,6
284,749,5
288,289,5
288,291,7
288,294,6
288,342,9
288,1168,5
289,290,6
289,291,8
289,342,7
289,343,5
289,1162,5
289,1168,7
290,291,6
290,1156,5
290,1158,5
290,1162,5
290,1168,6
291,292,5
291,294,6
291,342,9
291,343,5
291,344,8
291,519,5
291,1168,14
291,1170,5
291,1173,6
294,342,6
295,313,5
295,327,5
295,334,6
295,390,5
295,446,5
295,482,5
295,483,5
295,484,6
295,489,5
295,490,5
295,491,5
295,515,5
295,521,5
295,527,5
295,545,5
295,547,5
295,562,5
295,578,6
295,654,5
295,749,5
296,581,6
296,610,6
296,755,5
296,758,6
299,477,5
303,313,6
303,319,8
303,331,5
305,306,5
305,307,5
305,359,5
305,360,5
305,362,5
305,363,5
305,364,5
305,365,5
305,366,5
305,367,5
305,386,5
305,387,5
305,388,5
306,307,6
306,308,5
306,359,5
306,360,5
306,361,5
306,362,5
306,363,5
306,364,5
306,365,5
306,366,6
306,367,5
306,386,5
306,387,5
306,388,6
307,308,6
307,309,6
307,359,5
307,360,5
307,361,7
307,362,5
307,363,5
307,364,5
307,365,5
307,366,8
307,367,7
307,368,6
307,386,5
307,387,5
307,388,7
307,418,6
308,326,5
308,361,5
308,366,6
308,367,5
308,388,5
309,361,6
309,366,9
309,367,7
309,368,6
313,314,19
313,315,8
313,318,9
313,319,25
313,325,10
313,327,11
313,328,7
313,329,6
313,330,5
313,331,13
313,334,13
313,335,5
313,349,5
313,355,5
313,357,8
313,358,10
313,381,6
313,383,7
313,390,6
313,396,5
313,401,5
313,402,6
313,413,5
313,414,6
313,465,7
313,476,6
313,482,6
313,483,9
313,484,9
313,489,5
313,490,5
313,491,5
313,533,6
313,547,5
313,964,9
314,315,8
314,318,5
314,319,7
314,325,9
314,327,7
314,328,5
314,331,7
314,334,7
314,358,6
314,383,7
314,413,5
314,414,5
314,482,5
314,483,5
314,484,6
314,964,8
315,318,9
315,319,11
315,325,11
315,326,6
315,327,11
315,329,6
315,331,9
315,334,7
315,349,8
315,355,5
315,357,7
315,358,9
315,381,5
315,382,6
315,383,9
315,390,6
315,401,6
315,402,7
315,413,5
315,414,14
315,483,6
315,533,6
315,686,5
318,319,27
318,325,6
318,327,6
318,328,5
318,330,5
318,331,15
318,334,9
318,349,7
318,355,6
318,357,11
318,358,13
318,381,7
318,382,14
318,383,19
318,390,13
318,392,6
318,394,5
318,401,6
318,402,12
318,403,9
318,404,5
318,414,9
318,465,5
318,468,7
318,482,5
318,483,9
318,484,6
318,489,7
318,490,5
318,491,5
318,515,5
318,517,9
318,521,6
318,533,12
318,545,5
318,551,5
318,552,5
318,553,5
318,554,5
318,555,5
318,562,7
318,654,8
318,656,5
318,686,5
318,749,5
318,797,5
318,808,5
318,830,5
319,325,7
319,326,5
319,327,8
319,328,5
319,329,5
319,330,5
319,331,26
319,334,13
319,335,8
319,349,9
319,355,5
319,357,12
319,358,14
319,381,9
319,382,13
319,383,22
319,388,6
319,390,21
319,391,5
319,392,12
319,395,7
319,396,5
319,401,16
319,402,11
319,403,10
319,404,7
319,406,5
319,414,11
319,422,6
319,465,6
319,468,8
319,476,6
319,478,6
319,482,5
319,483,8
319,484,6
319,489,8
319,515,6
319,517,15
319,519,7
319,521,8
319,533,28
319,547,6
319,565,6
319,576,5
319,578,5
319,581,5
319,584,6
319,587,6
319,589,6
319,621,5
319,629,5
319,631,9
319,654,9
319,656,10
319,662,8
319,686,5
319,725,5
319,938,5
319,1006,5
319,1332,5
321,370,5
321,375,5
321,378,5
321,379,6
321,395,5
321,396,6
321,397,5
321,510,6
321,511,5
321,633,6
321,1038,5
322,351,5
322,395,5
322,396,5
325,326,6
325,327,7
325,329,5
325,331,8
325,334,9
325,349,7
325,357,5
325,358,7
325,381,8
325,383,6
325,399,5
325,414,10
325,484,5
326,414,7
327,328,7
327,329,9
327,330,5
327,331,10
327,334,12
327,349,6
327,357,8
327,358,7
327,381,5
327,382,5
327,383,7
327,402,7
327,413,6
327,414,10
327,446,5
327,482,7
327,484,8
327,489,5
327,490,5
327,491,5
327,515,5
327,521,5
327,527,5
327,542,6
327,543,5
327,544,5
327,545,6
327,546,6
327,561,6
327,562,6
327,565,5
327,578,6
327,581,5
327,587,5
327,654,7
327,749,5
327,763,5
328,329,6
328,330,9
328,331,6
328,334,6
328,357,6
328,482,6
328,484,7
328,545,5
328,546,5
328,562,5
328,565,5
328,578,5
328,654,5
329,330,6
329,331,6
329,334,8
329,357,6
329,358,6
329,383,5
329,402,5
329,414,5
329,484,5
329,578,5
329,763,5
330,331,5
330,334,5
330,357,6
330,578,5
331,334,20
331,335,6
331,349,6
331,357,13
331,358,10
331,381,6
331,382,9
331,383,12
331,388,5
331,390,11
331,391,6
331,392,6
331,394,5
331,402,9
331,403,6
331,413,5
331,414,10
331,418,5
331,465,9
331,466,6
331,468,7
331,471,6
331,473,6
331,476,5
331,478,6
331,482,7
331,483,7
331,484,6
331,485,6
331,489,7
331,490,6
331,491,6
331,493,5
331,500,6
331,517,8
331,519,6
331,521,5
331,533,10
331,542,5
331,543,5
331,544,5
331,545,5
331,546,5
331,562,6
331,565,6
331,573,5
331,587,8
331,589,6
331,618,5
331,631,7
331,654,8
331,684,5
331,686,5
331,694,5
331,701,5
331,718,5
331,725,5
331,733,5
331,735,5
331,742,6
331,743,6
331,749,5
331,763,9
331,1007,5
334,335,5
334,357,9
334,358,8
334,381,5
334,382,5
334,383,7
334,390,7
334,394,5
334,402,7
334,413,5
334,414,5
334,446,6
334,465,5
334,468,5
334,482,7
334,483,6
334,484,8
334,489,6
334,490,6
334,491,6
334,515,5
334,517,5
334,521,6
334,527,5
334,533,5
334,545,5
334,562,5
334,578,5
334,654,6
334,749,5
337,530,5
337,1142,6
337,1184,5
337,1189,7
337,1191,6
337,1192,11
337,1193,9
337,1194,7
342,1173,5
343,1165,5
344,1168,5
347,1202,5
349,355,7
349,357,6
349,358,7
349,381,15
349,383,6
349,390,6
349,399,10
349,401,5
349,414,15
349,476,5
349,482,7
349,484,6
349,489,6
349,490,6
349,491,8
349,493,7
349,533,5
349,545,5
349,547,7
349,562,5
349,565,5
349,578,6
349,589,5
349,654,7
349,686,6
349,725,5
349,749,6
349,761,6
349,763,6
349,764,5
349,766,5
349,767,5
349,769,5
351,370,5
351,371,7
351,375,7
351,378,5
351,395,10
351,396,9
351,397,9
351,510,6
351,633,6
351,1042,6
351,1043,5
351,1044,6
351,1045,6
351,1046,5
351,1048,6
351,1051,5
351,1052,7
351,1054,5
351,1055,5
351,1056,5
351,1060,8
351,1061,5
355,357,5
355,358,6
355,381,6
355,383,5
355,390,5
355,401,5
355,414,6
355,476,5
355,533,5
355,547,5
355,686,5
357,358,7
357,375,5
357,381,5
357,382,5
357,383,6
357,390,7
357,394,5
357,402,6
357,414,6
357,482,6
357,483,6
357,489,6
357,490,6
357,491,6
357,517,5
357,521,5
357,533,5
357,545,5
357,562,5
357,578,5
357,654,7
357,749,5
358,369,9
358,381,8
358,382,11
358,383,12
358,390,9
358,401,6
358,402,20
358,404,9
358,406,6
358,414,8
358,465,5
358,468,6
358,476,6
358,478,5
358,482,5
358,483,6
358,484,5
358,489,7
358,490,6
358,491,6
358,515,5
358,517,5
358,521,6
358,542,5
358,545,5
358,546,5
358,547,5
358,562,6
358,565,5
358,589,6
358,654,8
358,662,5
358,686,6
358,749,5
359,360,6
359,361,5
359,362,6
359,363,6
359,364,6
359,365,6
359,366,6
359,367,5
359,386,6
359,387,6
359,388,5
360,361,5
360,362,6
360,363,6
360,364,6
360,365,6
360,366,6
360,367,5
360,368,6
360,386,6
360,387,8
360,388,5
361,362,5
361,363,5
361,364,5
361,365,5
361,366,9
361,367,6
361,368,6
361,386,5
361,387,5
361,388,5
362,363,6
362,364,6
362,365,6
362,366,6
362,367,5
362,386,6
362,387,6
362,388,5
363,364,6
363,365,6
363,366,6
363,367,5
363,386,6
363,387,6
363,388,5
364,365,6
364,366,6
364,367,5
364,386,6
364,387,6
364,388,5
365,366,6
365,367,5
365,386,6
365,387,6
365,388,5
366,367,7
366,368,7
366,386,6
366,387,6
366,388,6
366,631,6
367,368,5
367,386,5
367,387,5
367,388,5
368,387,6
369,382,5
369,402,5
369,404,5
370,371,5
370,375,6
370,379,5
370,395,6
370,396,6
370,397,5
370,510,5
370,633,5
370,1038,5
370,1052,5
370,1054,6
370,1055,6
370,1061,5
371,375,6
371,395,6
371,396,6
371,397,6
371,510,6
371,1038,5
371,1042,5
371,1043,5
371,1044,5
371,1045,5
371,1046,5
371,1048,5
371,1051,5
371,1052,5
371,1060,6
372,376,5
372,377,5
372,380,5
373,1042,5
373,1043,5
373,1044,5
373,1045,5
373,1046,5
373,1048,5
374,379,7
375,378,5
375,395,8
375,396,9
375,397,8
375,510,5
375,633,5
375,686,5
375,1038,5
375,1042,5
375,1043,5
375,1044,5
375,1045,5
375,1046,5
375,1048,5
375,1051,5
375,1052,8
375,1054,6
375,1055,5
375,1061,5
376,377,6
376,380,5
376,396,5
376,1056,5
377,380,5
377,396,5
377,1056,5
378,395,5
378,396,6
378,397,6
378,633,5
378,1042,5
378,1044,5
378,1045,5
378,1048,5
378,1056,5
379,395,5
379,396,5
379,510,5
379,633,5
379,1038,5
381,383,6
381,390,5
381,399,10
381,402,5
381,414,12
381,482,5
381,484,5
381,491,6
381,493,5
381,547,7
381,654,5
381,686,5
381,749,5
381,761,6
381,763,5
381,766,5
381,767,5
381,769,5
382,383,13
382,390,7
382,402,11
382,403,5
382,404,5
382,414,5
382,465,5
382,483,5
382,489,5
382,533,6
382,562,5
382,589,5
382,654,5
383,390,8
383,392,5
383,401,6
383,402,11
383,403,9
383,404,7
383,413,5
383,414,8
383,465,6
383,467,5
383,468,8
383,478,5
383,482,5
383,485,5
383,489,6
383,515,6
383,517,19
383,519,5
383,521,5
383,533,12
383,562,5
383,565,5
383,589,6
383,654,8
383,662,5
383,684,5
383,686,7
383,725,6
383,735,6
383,742,5
386,387,6
386,388,5
387,388,5
390,391,6
390,392,6
390,394,7
390,401,26
390,402,8
390,403,7
390,404,6
390,414,6
390,446,5
390,447,5
390,465,6
390,468,7
390,473,5
390,476,5
390,478,6
390,482,6
390,483,9
390,484,6
390,485,5
390,489,9
390,490,6
390,491,6
390,493,5
390,500,5
390,515,6
390,517,8
390,519,5
390,521,8
390,533,8
390,545,5
390,547,7
390,555,5
390,562,7
390,565,6
390,578,7
390,584,5
390,587,5
390,589,6
390,629,6
390,654,8
390,686,7
390,694,5
390,718,5
390,725,5
390,735,5
390,742,5
390,743,5
390,749,5
391,401,5
391,476,5
391,478,9
391,480,5
391,483,19
391,484,10
391,489,17
391,500,5
391,517,5
391,521,6
391,533,5
391,542,5
391,543,6
391,544,5
391,547,6
391,562,6
391,565,5
391,578,5
391,584,11
391,585,7
391,587,11
391,589,19
391,591,5
391,654,5
391,686,5
391,742,5
391,743,5
391,749,5
392,394,7
392,398,5
392,401,5
392,483,5
392,484,5
392,489,5
392,517,11
392,533,28
392,573,8
392,629,7
392,654,6
392,658,6
392,660,5
392,663,5
392,976,23
394,401,6
394,403,5
394,468,5
394,482,6
394,483,6
394,489,7
394,490,6
394,491,6
394,493,5
394,517,7
394,521,6
394,533,8
394,562,6
394,565,5
394,566,5
394,578,5
394,654,5
394,726,5
394,735,5
394,749,6
394,755,5
394,756,5
394,758,5
395,396,15
395,397,14
395,510,5
395,533,7
395,633,6
395,1038,5
395,1042,6
395,1043,5
395,1044,6
395,1045,6
395,1046,5
395,1048,6
395,1051,5
395,1052,7
395,1054,5
395,1055,5
395,1056,5
395,1060,5
395,1061,5
396,397,20
396,401,5
396,510,7
396,533,5
396,608,5
396,633,8
396,1038,5
396,1042,6
396,1043,6
396,1044,6
396,1045,6
396,1046,5
396,1048,6
396,1051,5
396,1052,7
396,1054,6
396,1055,6
396,1056,6
396,1060,6
396,1061,6
397,510,5
397,533,5
397,633,7
397,1042,6
397,1043,6
397,1044,6
397,1045,6
397,1046,5
397,1048,6
397,1051,5
397,1052,6
397,1054,5
397,1055,5
397,1056,5
397,1060,7
397,1061,5
398,533,7
398,976,5
399,414,9
399,482,5
399,491,6
399,493,5
399,547,6
399,654,5
399,749,5
399,761,6
399,763,5
399,766,5
399,767,5
399,769,5
401,404,6
401,414,5
401,446,6
401,465,5
401,468,5
401,471,5
401,473,5
401,476,7
401,478,5
401,482,7
401,483,6
401,484,5
401,485,5
401,489,9
401,490,7
401,491,6
401,493,5
401,500,6
401,515,5
401,517,8
401,521,6
401,533,9
401,544,5
401,547,7
401,551,5
401,552,5
401,553,5
401,554,5
401,555,5
401,562,8
401,563,5
401,565,5
401,578,5
401,589,6
401,629,6
401,654,5
401,655,5
401,686,6
401,689,5
401,694,5
401,695,5
401,725,6
401,732,5
401,733,5
401,742,6
401,743,6
401,749,5
401,797,5
401,808,6
401,830,5
401,920,5
402,404,10
402,406,8
402,414,6
402,468,5
402,483,5
402,489,6
402,517,5
402,562,5
402,589,5
402,654,10
403,468,5
403,517,7
403,533,9
403,538,5
403,709,5
403,735,5
403,742,5
404,465,5
404,468,6
404,476,5
404,478,5
404,482,6
404,484,6
404,485,5
404,489,6
404,490,5
404,517,6
404,521,5
404,547,7
404,555,5
404,562,5
404,565,6
404,573,5
404,589,5
404,654,10
404,662,5
404,663,5
404,686,6
404,695,5
404,704,5
404,725,7
404,763,5
404,764,6
405,1208,5
406,803,6
409,411,5
414,476,5
414,482,7
414,484,5
414,489,5
414,490,5
414,491,6
414,493,5
414,517,5
414,521,5
414,533,6
414,542,5
414,545,5
414,546,5
414,547,6
414,561,5
414,562,5
414,565,6
414,578,5
414,589,5
414,654,7
414,686,6
414,701,5
414,725,6
414,749,6
414,761,5
414,763,5
414,837,6
414,841,5
418,631,6
422,533,13
422,1332,5
422,1343,5
424,431,6
428,433,5
430,431,5
430,432,7
431,432,5
433,768,8
434,435,5
434,436,5
435,1522,7
435,1523,6
435,1524,6
435,1525,5
435,1535,8
435,1544,5
435,1545,5
435,1546,5
435,1550,5
441,442,10
441,443,8
441,476,5
441,478,5
441,482,6
441,489,6
441,490,5
441,491,8
441,493,5
441,525,5
441,547,6
441,743,5
442,443,7
442,465,5
442,476,5
442,486,7
442,496,5
444,465,5
444,468,5
444,476,9
444,478,7
444,482,7
444,486,5
444,489,7
444,490,5
444,491,5
445,476,8
445,478,8
445,482,6
445,489,8
445,491,5
446,447,6
446,461,5
446,463,5
446,465,7
446,467,5
446,468,6
446,470,6
446,471,5
446,473,6
446,476,6
446,478,9
446,480,5
446,482,13
446,483,5
446,484,6
446,485,6
446,487,5
446,488,6
446,489,11
446,490,13
446,491,8
446,493,6
446,494,7
446,496,6
446,500,6
446,515,5
446,517,5
446,521,5
446,527,5
446,533,5
446,542,5
446,544,5
446,545,6
446,546,5
446,547,5
446,562,7
446,578,5
446,654,5
446,686,6
446,689,5
446,694,6
446,695,6
446,704,5
446,710,5
446,712,5
446,717,5
446,718,5
446,725,5
446,733,5
446,735,5
446,739,5
446,742,6
446,743,6
446,749,5
446,808,5
447,465,6
447,467,5
447,468,6
447,471,5
447,473,6
447,476,6
447,478,6
447,482,7
447,485,5
447,486,5
447,489,7
447,490,7
447,491,6
447,493,7
447,496,5
447,500,5
447,502,5
447,684,5
447,686,6
447,694,5
447,695,5
447,704,5
447,717,5
447,718,5
447,725,5
447,735,5
447,742,5
447,743,5
448,472,5
448,476,5
450,451,5
450,454,5
451,452,6
451,454,6
452,454,6
456,468,6
456,470,5
456,471,5
456,472,5
456,489,5
459,677,5
459,698,5
461,476,6
461,478,5
461,482,5
461,488,5
461,489,7
461,490,6
461,695,5
463,476,5
463,482,5
463,489,5
463,490,5
465,466,14
465,467,9
465,468,9
465,470,6
465,471,8
465,472,5
465,473,9
465,476,8
465,478,15
465,480,5
465,482,9
465,485,11
465,486,5
465,488,6
465,489,10
465,490,9
465,491,7
465,493,6
465,494,5
465,496,5
465,500,7
465,502,5
465,533,5
465,562,5
465,589,5
465,654,5
465,686,6
465,694,6
465,695,5
465,701,5
465,703,5
465,704,5
465,709,5
465,717,5
465,718,6
465,725,5
465,732,5
465,735,6
465,742,7
465,743,7
466,467,14
466,468,7
466,470,5
466,471,5
466,473,6
466,476,8
466,478,14
466,482,7
466,485,16
466,489,6
466,490,5
466,491,6
466,500,9
466,501,5
466,502,5
466,544,5
466,562,5
466,654,5
466,670,6
466,673,7
466,682,5
466,686,7
466,687,6
466,689,6
466,694,6
466,695,6
466,696,7
466,698,6
466,701,6
466,702,5
466,703,6
466,704,5
466,705,5
466,709,6
466,710,6
466,712,5
466,717,7
466,718,6
466,725,6
466,726,6
466,728,5
466,732,6
466,733,5
466,735,8
466,736,6
466,738,5
466,739,5
466,742,8
466,743,6
466,1384,9
467,468,5
467,470,5
467,473,5
467,478,8
467,482,5
467,485,16
467,489,5
467,490,5
467,491,5
467,493,5
467,500,7
467,502,6
467,533,5
467,670,5
467,673,5
467,677,5
467,683,6
467,684,5
467,686,8
467,687,5
467,690,5
467,694,7
467,695,7
467,697,5
467,701,5
467,704,6
467,705,6
467,709,6
467,710,5
467,717,7
467,718,6
467,723,5
467,725,6
467,726,5
467,732,6
467,733,5
467,735,8
467,742,9
467,743,6
467,744,5
468,470,7
468,471,13
468,472,6
468,473,12
468,476,7
468,478,9
468,482,9
468,483,5
468,485,7
468,488,5
468,489,10
468,490,8
468,491,7
468,493,6
468,496,5
468,500,8
468,501,5
468,502,5
468,515,6
468,517,8
468,519,5
468,521,9
468,533,6
468,545,6
468,547,6
468,562,5
468,565,5
468,566,6
468,587,5
468,589,6
468,629,5
468,654,8
468,673,5
468,684,5
468,686,7
468,687,5
468,694,6
468,695,5
468,701,5
468,704,5
468,709,5
468,717,5
468,718,6
468,725,6
468,732,5
468,735,7
468,739,5
468,742,7
468,743,7
468,749,7
470,471,6
470,472,7
470,473,6
470,478,6
470,482,6
470,485,6
470,488,5
470,489,5
470,490,6
470,491,5
470,494,6
470,496,5
470,673,5
470,686,5
470,742,5
471,472,6
471,473,9
471,476,6
471,478,7
471,482,8
471,485,6
471,489,8
471,490,8
471,491,7
471,493,6
471,500,6
471,589,5
471,684,5
471,686,5
471,694,5
471,709,5
471,718,5
471,725,5
471,732,5
471,735,5
471,742,6
471,743,6
472,473,5
472,476,5
473,476,6
473,478,8
473,482,8
473,485,7
473,488,5
473,489,8
473,490,8
473,491,7
473,493,6
473,496,5
473,500,7
473,501,5
473,502,5
473,562,5
473,589,5
473,673,5
473,686,6
473,694,6
473,695,5
473,701,5
473,704,5
473,709,5
473,717,5
473,718,6
473,725,6
473,732,5
473,735,6
473,739,5
473,742,7
473,743,7
473,749,5
475,476,5
476,478,12
476,482,14
476,483,7
476,484,7
476,485,6
476,486,5
476,488,6
476,489,15
476,490,10
476,491,11
476,493,8
476,496,5
476,499,5
476,500,7
476,533,5
476,542,5
476,544,6
476,545,5
476,547,6
476,562,8
476,563,5
476,565,6
476,578,5
476,585,6
476,587,5
476,589,6
476,654,9
476,677,6
476,684,5
476,686,8
476,687,7
476,702,5
476,703,5
476,709,6
476,723,5
476,725,7
476,732,5
476,733,5
476,735,6
476,739,5
476,742,7
476,743,6
476,749,6
476,803,5
477,530,6
477,1183,5
477,1187,5
477,1189,7
477,1192,5
478,480,9
478,482,14
478,483,10
478,485,10
478,486,5
478,488,6
478,489,26
478,490,11
478,491,12
478,493,8
478,494,7
478,496,6
478,500,7
478,502,5
478,562,5
478,589,11
478,654,5
478,686,6
478,694,6
478,695,5
478,701,5
478,704,5
478,717,5
478,718,6
478,725,5
478,732,5
478,735,5
478,742,6
478,743,6
480,482,6
480,489,10
480,490,5
482,483,8
482,484,13
482,485,7
482,486,5
482,487,5
482,488,7
482,489,22
482,490,19
482,491,14
482,493,11
482,494,8
482,496,6
482,500,8
482,501,5
482,502,5
482,515,5
482,517,6
482,519,5
482,521,6
482,527,5
482,533,5
482,542,7
482,543,6
482,544,7
482,545,7
482,546,6
482,547,6
482,554,5
482,555,5
482,561,6
482,562,9
482,563,5
482,565,8
482,566,6
482,578,7
482,581,5
482,587,6
482,589,8
482,654,9
482,673,5
482,677,6
482,682,5
482,684,7
482,686,7
482,687,5
482,694,6
482,695,6
482,698,5
482,701,6
482,703,5
482,704,6
482,709,5
482,712,6
482,717,5
482,718,6
482,723,5
482,725,9
482,726,5
482,732,5
482,733,6
482,735,7
482,739,6
482,742,7
482,743,7
482,749,8
482,808,5
483,484,20
483,489,26
483,490,5
483,491,6
483,493,6
483,515,5
483,517,7
483,521,6
483,533,7
483,545,5
483,562,7
483,565,5
483,584,6
483,585,8
483,587,9
483,589,18
483,591,6
483,629,5
483,654,8
483,686,5
483,749,6
483,830,6
483,837,5
483,841,6
483,1366,12
484,485,5
484,489,10
484,490,6
484,491,6
484,515,5
484,521,5
484,527,6
484,542,6
484,543,5
484,544,5
484,545,6
484,546,7
484,547,7
484,561,6
484,562,9
484,565,8
484,578,5
484,584,8
484,585,8
484,587,9
484,589,9
484,591,7
484,654,6
484,686,5
484,725,5
484,749,5
484,763,5
485,489,7
485,490,7
485,491,6
485,493,5
485,500,7
485,501,5
485,502,6
485,533,5
485,544,5
485,562,5
485,589,5
485,654,5
485,670,5
485,673,6
485,674,5
485,677,6
485,682,5
485,683,5
485,684,5
485,686,8
485,687,7
485,689,5
485,690,5
485,694,7
485,695,7
485,696,5
485,698,6
485,701,6
485,703,5
485,704,7
485,705,5
485,709,6
485,710,5
485,712,6
485,717,6
485,718,7
485,725,7
485,726,5
485,728,5
485,732,9
485,733,6
485,735,8
485,736,5
485,738,5
485,739,6
485,742,9
485,743,6
485,744,5
485,808,5
485,1384,5
486,487,5
486,488,5
486,489,7
486,490,5
486,496,6
487,488,6
487,489,8
487,490,5
488,489,9
488,490,7
488,493,5
488,494,8
488,496,5
488,500,5
488,735,6
488,742,6
488,743,5
489,490,17
489,491,14
489,493,12
489,494,6
489,496,6
489,500,8
489,501,5
489,502,5
489,515,7
489,517,6
489,519,5
489,521,8
489,527,5
489,533,6
489,542,5
489,543,5
489,544,5
489,545,6
489,547,6
489,554,5
489,555,5
489,562,9
489,563,5
489,565,5
489,566,6
489,578,7
489,587,6
489,589,21
489,629,5
489,654,9
489,673,5
489,684,6
489,686,7
489,687,6
489,694,6
489,695,7
489,701,5
489,704,6
489,709,5
489,712,5
489,717,5
489,718,6
489,725,8
489,726,5
489,732,5
489,733,5
489,735,8
489,739,6
489,742,7
489,743,7
489,749,8
489,763,5
489,808,5
489,1366,5
490,491,13
490,493,9
490,494,7
490,496,6
490,500,7
490,501,5
490,502,5
490,515,5
490,517,5
490,521,6
490,527,5
490,533,5
490,542,6
490,543,5
490,544,6
490,545,7
490,546,5
490,547,6
490,554,5
490,555,5
490,562,9
490,563,5
490,565,6
490,566,6
490,578,7
490,589,7
490,654,7
490,673,5
490,684,5
490,686,6
490,687,5
490,694,6
490,695,7
490,701,5
490,704,6
490,709,5
490,712,5
490,717,5
490,718,6
490,725,7
490,726,5
490,732,5
490,733,5
490,735,7
490,739,6
490,742,7
490,743,7
490,749,7
490,808,5
491,493,13
491,500,7
491,501,5
491,502,5
491,515,5
491,517,5
491,521,6
491,527,5
491,533,6
491,542,5
491,545,6
491,547,8
491,562,7
491,563,5
491,565,5
491,566,6
491,578,7
491,587,5
491,589,6
491,654,7
491,673,5
491,684,5
491,686,6
491,694,6
491,695,5
491,701,5
491,704,5
491,709,5
491,717,5
491,718,6
491,725,6
491,726,5
491,735,7
491,739,5
491,742,7
491,743,7
491,749,7
491,761,7
491,763,7
491,766,6
491,767,7
491,769,6
491,830,5
493,494,5
493,500,6
493,502,5
493,533,5
493,547,8
493,562,5
493,565,5
493,566,5
493,578,5
493,589,5
493,654,5
493,684,6
493,686,6
493,694,5
493,695,5
493,704,5
493,709,5
493,717,5
493,718,5
493,725,6
493,735,6
493,742,6
493,743,6
493,749,5
493,761,8
493,763,6
493,765,5
493,766,6
493,767,5
493,769,7
494,496,6
495,589,5
500,501,6
500,502,7
500,517,5
500,533,5
500,562,5
500,589,5
500,670,6
500,673,7
500,682,5
500,683,6
500,684,5
500,686,7
500,687,5
500,689,6
500,690,5
500,694,9
500,695,10
500,696,6
500,697,5
500,698,5
500,701,7
500,703,7
500,704,7
500,705,5
500,709,7
500,710,9
500,712,6
500,714,5
500,716,6
500,717,9
500,718,8
500,723,5
500,725,9
500,726,6
500,732,5
500,733,7
500,735,9
500,739,6
500,742,10
500,743,9
500,749,5
501,502,5
501,673,6
501,682,5
501,694,8
501,696,6
501,701,6
501,703,5
501,704,6
501,705,5
501,710,7
501,712,6
501,717,5
501,718,5
501,725,5
501,735,5
501,739,6
501,742,6
501,743,5
502,670,5
502,682,5
502,683,5
502,684,5
502,686,5
502,687,5
502,690,5
502,694,7
502,695,7
502,701,8
502,703,6
502,704,8
502,705,5
502,709,5
502,710,7
502,712,7
502,714,5
502,716,5
502,717,9
502,718,8
502,725,8
502,726,5
502,732,5
502,735,6
502,739,5
502,742,6
502,743,6
510,633,7
510,1038,5
510,1060,7
510,1061,5
512,516,7
512,519,9
512,527,5
515,517,8
515,518,11
515,519,7
515,521,17
515,525,7
515,527,9
515,528,6
515,533,6
515,545,7
515,547,7
515,562,5
515,566,6
515,578,6
515,629,6
515,654,8
515,749,8
515,763,5
516,519,6
517,519,8
517,521,11
517,533,22
517,543,5
517,545,5
517,547,6
517,565,6
517,573,8
517,587,5
517,619,5
517,629,10
517,654,9
517,655,6
517,658,7
517,660,5
517,663,6
517,686,6
517,694,5
517,725,5
517,742,5
517,743,5
517,749,6
518,519,8
518,521,9
518,525,6
518,527,7
518,528,5
519,520,6
519,521,20
519,524,7
519,525,6
519,527,7
519,528,6
519,533,5
519,565,5
519,576,5
519,578,5
519,581,6
519,587,5
519,589,5
519,654,5
520,524,5
521,524,5
521,525,8
521,527,10
521,528,6
521,533,7
521,542,6
521,543,5
521,545,7
521,546,5
521,547,9
521,562,6
521,565,5
521,566,7
521,576,6
521,578,7
521,587,6
521,589,5
521,629,7
521,654,8
521,749,9
521,761,5
521,763,5
525,527,5
527,528,5
527,545,5
527,562,5
527,578,5
527,654,5
527,749,5
530,1192,5
533,547,5
533,551,5
533,553,5
533,562,5
533,565,5
533,573,8
533,578,6
533,619,5
533,629,9
533,631,11
533,654,7
533,655,5
533,658,6
533,660,5
533,662,5
533,663,5
533,686,7
533,694,5
533,742,6
533,743,5
533,749,5
533,763,5
533,830,5
533,841,5
533,976,15
533,1373,9
539,556,6
539,557,5
539,560,6
542,543,18
542,544,14
542,545,14
542,546,15
542,547,5
542,561,10
542,562,14
542,563,8
542,565,15
542,566,9
542,567,5
542,568,6
542,578,5
542,587,6
542,589,5
542,654,6
542,749,5
543,544,13
543,545,15
543,546,14
543,547,5
543,561,9
543,562,12
543,563,7
543,565,17
543,566,9
543,567,5
543,568,6
543,587,6
543,654,5
543,725,5
543,749,5
543,763,5
543,765,5
544,545,11
544,546,11
544,547,6
544,561,8
544,562,17
544,563,7
544,565,12
544,566,7
544,567,5
544,568,7
544,578,5
544,581,6
544,587,6
544,589,6
544,654,6
544,725,5
544,733,6
544,739,5
544,742,5
544,755,6
545,546,14
545,547,6
545,561,10
545,562,13
545,563,8
545,565,14
545,566,12
545,567,5
545,568,5
545,578,5
545,629,5
545,654,8
545,749,9
546,547,5
546,561,10
546,562,13
546,563,6
546,565,15
546,566,9
546,567,5
546,568,5
546,654,6
546,725,5
546,763,6
547,548,5
547,549,5
547,562,7
547,565,6
547,566,6
547,576,6
547,578,7
547,589,5
547,629,5
547,654,5
547,686,6
547,725,6
547,739,5
547,749,7
547,761,11
547,763,12
547,764,20
547,765,15
547,766,9
547,767,8
547,768,7
547,769,9
547,770,5
547,808,5
548,549,5
550,551,7
550,552,6
550,553,14
550,554,13
550,555,13
550,781,6
550,785,9
550,791,8
550,796,10
550,806,7
550,812,8
551,552,49
551,553,48
551,554,27
551,555,34
551,617,5
551,686,5
551,743,5
551,781,6
551,791,10
551,792,7
551,793,6
551,796,7
551,797,27
551,800,20
551,803,6
551,806,14
551,808,22
551,809,6
551,811,5
551,812,9
551,830,22
551,831,6
551,832,5
551,837,13
551,841,17
552,553,32
552,554,28
552,555,38
552,686,5
552,743,5
552,781,8
552,791,7
552,792,7
552,796,8
552,797,20
552,803,7
552,806,15
552,808,24
552,809,13
552,811,9
552,812,9
552,830,13
552,832,5
552,837,12
552,841,16
552,1208,5
553,554,57
553,555,62
553,617,7
553,686,5
553,743,5
553,781,8
553,785,5
553,791,6
553,792,5
553,793,7
553,796,14
553,797,14
553,800,39
553,803,12
553,806,9
553,808,12
553,809,12
553,811,15
553,812,15
553,830,34
553,831,5
553,837,22
553,841,24
554,555,64
554,781,11
554,785,5
554,791,5
554,796,14
554,797,10
554,800,10
554,802,6
554,803,43
554,806,17
554,807,5
554,808,10
554,809,13
554,810,5
554,811,20
554,812,15
554,814,5
554,830,18
554,832,5
554,837,35
554,838,9
554,839,10
554,841,16
554,843,6
554,1198,5
554,1207,5
555,617,6
555,732,5
555,781,11
555,785,5
555,791,5
555,793,6
555,796,14
555,797,11
555,800,13
555,803,14
555,806,9
555,808,13
555,809,18
555,810,5
555,811,20
555,812,16
555,830,20
555,837,18
555,841,29
555,1208,5
556,557,5
556,560,6
557,560,5
561,562,13
561,563,5
561,565,9
561,566,6
561,568,9
561,654,7
561,749,5
562,563,8
562,565,12
562,566,9
562,567,5
562,568,9
562,578,6
562,581,7
562,587,5
562,589,7
562,654,8
562,725,5
562,726,5
562,735,5
562,739,5
562,742,5
562,743,5
562,749,7
563,565,10
563,566,9
563,749,5
565,566,13
565,567,5
565,568,6
565,587,6
565,589,5
565,654,7
565,686,5
565,725,7
565,749,5
565,764,5
566,578,5
566,654,6
566,735,5
566,749,8
569,667,5
569,668,5
569,669,6
569,1137,5
569,1138,5
569,1141,5
569,1143,6
569,1144,6
569,1145,6
569,1146,6
573,629,6
573,654,6
573,658,5
573,663,6
573,725,5
576,578,10
576,581,11
578,581,15
578,589,5
578,654,7
578,735,5
578,742,5
578,749,6
578,763,5
581,589,5
581,608,6
581,770,5
583,610,5
583,758,6
584,585,7
584,587,9
584,589,6
584,591,5
585,587,9
585,589,6
585,591,5
586,758,6
587,589,9
587,591,5
587,654,6
587,749,5
589,591,5
589,654,8
589,684,5
589,686,5
589,687,5
589,701,5
589,725,6
589,733,5
589,735,5
589,739,5
589,742,5
589,743,5
589,749,5
589,766,5
593,595,6
593,607,6
593,608,7
593,611,5
594,605,5
594,608,5
595,596,5
595,602,5
595,603,6
595,607,9
595,608,9
595,609,5
595,611,5
595,615,5
596,603,5
596,605,5
596,607,5
596,608,5
596,615,5
598,608,5
598,615,5
599,603,5
599,604,5
599,605,5
599,609,5
599,613,5
602,603,5
602,611,5
603,604,5
603,605,6
603,607,6
603,608,5
603,609,6
603,611,5
603,613,5
603,615,5
604,605,5
604,609,5
604,613,5
605,607,5
605,608,5
605,609,5
605,613,5
605,615,6
607,608,8
607,611,5
607,615,6
608,611,5
608,615,6
608,616,6
609,613,5
609,615,5
610,758,8
617,793,6
617,800,6
617,830,7
617,841,8
618,830,5
619,658,5
619,663,5
620,631,6
620,651,5
621,622,6
621,623,6
622,623,8
624,631,5
629,654,7
629,658,5
629,660,5
629,663,5
629,749,6
631,651,6
631,654,5
631,658,5
631,660,6
631,663,5
633,1054,5
633,1055,5
633,1056,5
633,1060,5
633,1061,5
636,638,8
636,641,7
636,643,6
636,1069,5
636,1070,5
636,1074,5
636,1078,5
636,1079,5
636,1080,5
636,1081,5
636,1082,6
636,1090,5
636,1091,5
636,1092,5
636,1094,6
636,1095,5
636,1103,5
636,1104,5
636,1107,5
636,1112,5
636,1115,7
636,1116,6
636,1123,5
636,1125,6
637,641,6
637,642,5
637,643,7
637,1069,6
637,1072,6
637,1093,5
637,1098,6
637,1121,5
637,1125,5
638,641,7
638,643,6
638,1069,5
638,1070,5
638,1074,5
638,1078,5
638,1079,5
638,1080,5
638,1081,5
638,1082,6
638,1090,5
638,1091,5
638,1092,5
638,1094,6
638,1095,5
638,1103,5
638,1104,5
638,1107,5
638,1112,5
638,1115,7
638,1116,6
638,1123,5
638,1125,6
640,643,6
640,1069,5
640,1072,5
640,1081,5
640,1098,5
640,1123,5
640,1125,7
641,643,8
641,1068,5
641,1069,7
641,1070,8
641,1071,6
641,1074,7
641,1075,6
641,1076,6
641,1078,7
641,1079,7
641,1080,7
641,1081,7
641,1082,6
641,1083,6
641,1088,6
641,1089,6
641,1090,7
641,1091,7
641,1092,7
641,1093,6
641,1094,7
641,1095,7
641,1096,6
641,1097,6
641,1098,5
641,1099,6
641,1100,6
641,1101,6
641,1103,7
641,1104,7
641,1107,7
641,1111,6
641,1112,7
641,1114,6
641,1115,8
641,1116,8
641,1118,6
641,1119,6
641,1120,6
641,1123,7
641,1124,6
641,1125,8
642,1116,5
643,644,8
643,1068,8
643,1069,11
643,1070,11
643,1071,9
643,1072,6
643,1074,11
643,1075,10
643,1076,10
643,1078,11
643,1079,11
643,1080,11
643,1081,12
643,1082,9
643,1083,10
643,1084,6
643,1085,5
643,1086,6
643,1087,5
643,1088,10
643,1089,10
643,1090,12
643,1091,12
643,1092,11
643,1093,12
643,1094,6
643,1095,11
643,1096,10
643,1097,9
643,1098,9
643,1099,9
643,1100,8
643,1101,8
643,1102,6
643,1103,9
643,1104,9
643,1105,6
643,1107,9
643,1109,6
643,1111,8
643,1112,9
643,1114,7
643,1115,6
643,1116,7
643,1118,10
643,1119,9
643,1120,10
643,1123,12
643,1124,8
643,1125,13
644,1068,5
644,1069,5
644,1071,5
644,1072,5
644,1075,5
644,1076,5
644,1078,5
644,1079,5
644,1080,5
644,1081,5
644,1083,5
644,1088,5
644,1089,5
644,1090,5
644,1091,5
644,1092,5
644,1093,5
644,1098,6
644,1119,5
644,1120,5
644,1123,5
644,1125,6
653,758,5
654,658,6
654,662,6
654,663,5
654,684,5
654,686,7
654,687,5
654,701,5
654,725,5
654,735,6
654,742,5
654,749,8
655,658,5
657,660,5
658,660,5
658,663,6
660,663,5
662,1303,5
667,668,9
667,669,10
667,1137,11
667,1138,9
667,1141,6
667,1142,6
667,1143,10
667,1144,9
667,1145,9
667,1146,9
667,1148,5
667,1151,5
668,669,8
668,1137,10
668,1138,9
668,1141,6
668,1142,6
668,1143,9
668,1144,7
668,1145,7
668,1146,7
668,1151,5
669,1137,10
669,1138,8
669,1141,5
669,1142,5
669,1143,11
669,1144,10
669,1145,10
669,1146,10
669,1148,5
670,673,7
670,695,6
670,696,5
670,698,5
670,701,5
670,703,5
670,704,5
670,710,6
670,712,5
670,717,6
670,718,5
670,735,5
673,682,5
673,689,5
673,694,5
673,695,5
673,696,6
673,698,6
673,701,5
673,703,5
673,710,5
673,712,5
673,717,5
673,718,5
673,725,5
673,735,6
673,739,6
673,742,6
673,743,5
674,687,5
674,689,5
674,712,5
674,739,5
677,684,5
677,686,5
677,687,5
677,695,5
677,697,5
677,698,5
677,704,5
677,709,5
677,721,5
677,723,6
677,725,6
677,728,5
677,732,6
677,735,5
677,742,5
678,728,5
681,687,5
681,696,5
681,712,5
681,714,5
681,718,5
681,732,5
681,739,5
682,684,5
682,685,5
682,686,5
682,687,5
682,694,5
682,696,5
682,698,5
682,701,5
682,702,5
682,703,6
682,712,5
682,718,5
682,725,6
682,739,5
682,742,5
683,684,5
683,686,5
683,690,5
683,694,6
683,695,6
683,697,5
683,704,5
683,709,5
683,717,6
683,718,5
683,725,5
683,726,5
683,735,5
683,742,6
683,743,5
684,685,5
684,686,6
684,687,6
684,690,5
684,694,5
684,695,5
684,701,6
684,704,5
684,709,5
684,717,5
684,718,5
684,725,11
684,726,5
684,728,6
684,735,6
684,742,5
686,687,8
686,694,7
686,695,6
686,698,5
686,701,5
686,702,6
686,703,5
686,704,5
686,705,5
686,709,5
686,717,7
686,718,6
686,723,7
686,725,11
686,728,10
686,730,5
686,732,10
686,733,6
686,735,8
686,741,9
686,742,15
686,743,12
686,744,6
686,749,5
686,764,6
686,797,5
686,808,5
686,830,5
686,837,5
686,841,6
687,688,5
687,689,5
687,694,5
687,695,5
687,696,5
687,701,5
687,704,5
687,709,5
687,712,5
687,718,6
687,725,5
687,726,5
687,728,6
687,732,7
687,735,7
687,736,6
687,737,5
687,738,6
687,739,7
687,742,6
687,743,6
687,744,7
688,739,6
689,694,5
689,695,6
689,696,5
689,698,6
689,701,5
689,702,5
689,703,5
689,710,7
689,712,5
689,717,5
689,725,5
689,726,6
689,739,5
689,742,5
690,694,5
690,695,5
690,704,5
690,709,5
690,717,5
690,718,5
690,725,5
690,726,5
690,735,5
690,742,5
694,695,7
694,696,6
694,697,5
694,701,7
694,703,5
694,704,8
694,705,6
694,709,5
694,710,8
694,712,6
694,716,5
694,717,8
694,718,7
694,725,7
694,726,5
694,732,5
694,733,5
694,735,6
694,739,5
694,742,8
694,743,7
695,696,5
695,697,5
695,698,5
695,701,6
695,703,5
695,704,8
695,705,5
695,709,5
695,710,8
695,712,6
695,716,5
695,717,9
695,718,7
695,725,7
695,726,6
695,732,5
695,733,5
695,735,7
695,739,5
695,742,7
695,743,6
696,698,5
696,701,5
696,702,5
696,703,5
696,710,6
696,712,5
696,714,5
696,717,5
696,718,6
696,735,6
696,736,5
696,738,5
696,739,6
696,742,5
696,743,5
696,744,5
697,717,5
697,726,5
697,742,5
698,701,5
698,702,6
698,703,6
698,710,6
698,712,5
698,725,6
698,739,5
701,703,7
701,704,7
701,705,5
701,710,7
701,712,7
701,714,5
701,717,7
701,718,7
701,725,7
701,726,5
701,735,5
701,739,5
701,742,6
701,743,5
702,703,5
702,710,5
702,725,5
703,704,5
703,710,7
703,712,6
703,714,5
703,717,5
703,718,6
703,725,7
703,735,5
703,739,5
703,742,6
703,743,5
704,705,5
704,709,5
704,710,8
704,712,7
704,717,8
704,718,7
704,725,7
704,726,5
704,732,5
704,735,6
704,739,5
704,742,6
704,743,5
705,710,6
705,712,5
705,717,6
705,735,5
705,742,6
709,717,5
709,718,5
709,723,5
709,725,6
709,726,5
709,732,5
709,733,5
709,735,8
709,742,8
709,743,6
710,712,7
710,716,5
710,717,8
710,718,5
710,725,7
710,733,5
710,735,6
710,739,5
710,742,6
710,743,5
712,714,6
712,717,7
712,718,7
712,725,5
712,739,6
712,742,5
714,717,5
714,718,7
714,736,5
714,738,5
714,739,5
716,717,5
716,725,6
716,733,5
717,718,8
717,725,6
717,726,6
717,735,7
717,742,7
717,743,6
718,725,6
718,726,5
718,732,6
718,735,7
718,736,5
718,738,5
718,739,6
718,742,7
718,743,7
718,744,5
723,725,5
723,735,5
723,742,7
723,743,5
725,726,5
725,728,6
725,732,6
725,733,6
725,735,7
725,739,6
725,741,5
725,742,10
725,743,6
725,749,5
725,764,5
726,735,7
726,742,5
728,730,5
728,732,8
728,735,5
728,742,7
730,742,5
732,733,9
732,735,8
732,736,6
732,738,6
732,739,6
732,742,7
732,743,6
732,803,5
733,735,7
733,736,5
733,738,5
733,739,6
733,741,5
733,742,8
733,743,7
735,736,7
735,738,6
735,739,6
735,742,10
735,743,8
735,744,6
735,749,5
736,738,9
736,739,5
736,742,5
736,743,5
736,744,5
738,739,6
738,742,5
738,743,5
738,744,7
739,742,6
739,743,9
739,744,6
741,742,7
742,743,12
742,744,5
742,749,5
743,744,6
743,749,5
743,803,5
747,749,5
748,749,6
748,750,5
748,751,6
749,750,5
749,751,8
749,763,5
750,751,5
755,756,5
755,758,5
761,763,8
761,764,5
761,765,7
761,766,9
761,767,7
761,769,9
763,764,6
763,765,9
763,766,8
763,767,9
763,769,7
764,765,5
764,766,5
764,767,5
764,769,5
765,766,6
765,767,5
765,769,6
766,767,7
766,769,8
767,768,5
767,769,6
772,777,8
774,776,13
774,777,11
775,776,8
776,777,10
779,836,9
779,840,9
779,844,10
781,796,5
781,800,23
781,803,31
781,809,32
781,811,8
781,812,7
781,830,8
781,837,7
781,841,8
781,1208,9
782,1417,5
785,788,5
785,791,14
785,796,5
785,812,14
785,830,7
785,837,7
785,841,8
787,791,6
787,812,6
787,837,5
788,812,5
789,803,6
789,809,7
789,841,6
791,796,7
791,797,23
791,801,20
791,806,5
791,808,23
791,812,21
791,830,10
791,837,10
791,841,8
792,797,9
792,808,9
793,797,5
793,800,5
793,808,5
793,841,5
796,806,6
796,811,18
797,800,7
797,801,27
797,808,69
797,809,6
797,812,12
797,814,6
797,830,25
797,831,5
797,832,9
797,837,18
797,839,5
797,841,19
797,843,6
800,803,46
800,808,6
800,809,42
800,812,5
800,830,23
800,837,12
800,841,15
800,1208,5
801,806,7
801,808,29
801,812,5
801,830,5
801,837,6
801,841,5
802,803,15
802,805,20
802,837,9
802,838,7
802,839,10
803,804,12
803,805,17
803,806,6
803,807,6
803,809,45
803,811,8
803,812,6
803,830,9
803,837,43
803,838,18
803,839,16
803,841,8
803,1198,15
803,1207,6
803,1208,13
803,1213,16
804,805,8
804,837,5
804,839,8
804,1213,13
805,837,9
805,838,7
805,839,10
805,1213,6
807,1207,5
807,1208,5
808,809,9
808,812,12
808,814,7
808,830,22
808,832,9
808,837,19
808,839,6
808,841,23
808,843,7
809,811,9
809,812,7
809,830,9
809,837,9
809,841,18
809,1208,9
810,811,5
811,812,6
811,830,5
811,837,5
811,841,7
812,813,7
812,814,9
812,830,52
812,831,5
812,832,9
812,837,60
812,838,5
812,839,10
812,841,49
812,843,7
813,814,6
813,831,11
813,832,5
813,838,13
813,839,5
813,841,5
813,842,11
813,843,5
814,830,5
814,832,20
814,837,7
814,839,21
814,841,6
814,843,20
815,816,9
815,817,5
815,818,5
815,819,8
815,821,5
815,822,8
816,817,6
816,818,5
816,819,8
816,821,5
816,822,8
816,1421,5
817,818,8
817,820,6
817,823,7
818,820,6
818,823,7
819,822,7
820,823,6
821,822,5
830,831,13
830,832,8
830,837,106
830,838,8
830,839,6
830,841,97
831,832,8
831,837,8
831,838,17
831,841,7
831,842,12
832,837,9
832,839,24
832,841,7
832,843,23
836,840,15
836,844,14
837,838,19
837,839,20
837,841,93
837,842,7
837,843,9
837,1213,5
838,839,18
838,841,8
838,842,14
838,843,6
839,841,8
839,842,5
839,843,26
840,844,14
841,842,7
841,843,8
842,843,6
848,849,5
848,850,5
848,855,5
848,857,6
848,859,5
848,860,5
848,861,6
848,862,6
848,863,5
848,864,7
848,868,6
848,870,6
848,871,6
848,872,6
848,874,6
848,876,6
848,878,5
848,879,5
848,881,5
848,883,5
848,886,5
848,890,5
848,897,5
848,898,5
848,900,5
848,903,5
849,850,7
849,851,6
849,853,7
849,855,5
849,857,5
849,861,5
849,862,6
849,864,6
849,868,6
849,870,5
849,871,7
849,872,6
849,874,5
849,876,5
849,897,5
849,1427,6
850,851,5
850,853,6
850,855,5
850,857,5
850,864,5
850,868,5
850,871,8
850,872,6
851,853,5
851,855,5
851,871,5
852,858,5
853,855,5
853,871,6
853,897,5
855,857,5
855,861,5
855,862,5
855,864,5
855,868,6
855,870,5
855,871,6
855,874,5
855,876,5
855,881,5
857,859,5
857,860,5
857,861,6
857,862,6
857,863,5
857,864,7
857,868,7
857,870,9
857,871,6
857,872,5
857,874,6
857,876,6
857,878,5
857,879,5
857,881,5
857,883,5
857,886,5
857,890,5
857,897,5
857,898,5
857,900,5
857,903,5
859,860,6
859,861,6
859,862,6
859,863,6
859,864,6
859,868,6
859,870,5
859,871,5
859,874,5
859,875,5
859,876,5
859,877,5
859,878,6
859,879,6
859,880,5
859,881,5
859,883,6
859,884,5
859,885,5
859,886,6
859,888,5
859,889,5
859,890,6
859,891,5
859,892,5
859,894,5
859,895,5
859,896,5
859,897,6
859,898,6
859,899,5
859,900,6
859,901,5
859,902,5
859,903,6
859,904,5
860,861,6
860,862,6
860,863,6
860,864,6
860,868,6
860,870,5
860,871,5
860,874,5
860,875,5
860,876,5
860,877,5
860,878,6
860,879,6
860,880,5
860,881,5
860,883,6
860,884,5
860,885,5
860,886,6
860,888,5
860,889,5
860,890,6
860,891,5
860,892,5
860,894,5
860,895,5
860,896,5
860,897,6
860,898,6
860,899,5
860,900,6
860,901,5
860,902,5
860,903,6
860,904,5
861,862,7
861,863,6
861,864,8
861,868,7
861,870,6
861,871,6
861,872,5
861,874,6
861,875,5
861,876,6
861,877,5
861,878,6
861,879,6
861,880,5
861,881,6
861,883,6
861,884,5
861,885,5
861,886,6
861,888,5
861,889,5
861,890,6
861,891,5
861,892,5
861,894,5
861,895,5
861,896,5
861,897,6
861,898,6
861,899,5
861,900,6
861,901,5
861,902,5
861,903,6
861,904,5
862,863,6
862,864,10
862,868,9
862,870,6
862,871,6
862,872,5
862,874,6
862,875,5
862,876,6
862,877,5
862,878,6
862,879,6
862,880,5
862,881,10
862,883,6
862,884,5
862,885,5
862,886,6
862,888,5
862,889,5
862,890,6
862,891,5
862,892,5
862,894,5
862,895,5
862,896,5
862,897,6
862,898,6
862,899,5
862,900,6
862,901,5
862,902,5
862,903,6
862,904,5
863,864,6
863,868,6
863,870,5
863,871,5
863,872,5
863,874,5
863,875,5
863,876,5
863,877,5
863,878,6
863,879,7
863,880,5
863,881,5
863,883,6
863,884,5
863,885,5
863,886,6
863,888,5
863,889,5
863,890,6
863,891,5
863,892,5
863,894,5
863,895,5
863,896,5
863,897,6
863,898,6
863,899,5
863,900,6
863,901,5
863,902,5
863,903,7
863,904,5
864,866,5
864,868,11
864,870,7
864,871,6
864,872,7
864,874,6
864,875,5
864,876,6
864,877,7
864,878,6
864,879,6
864,880,5
864,881,8
864,883,6
864,884,5
864,885,5
864,886,6
864,888,5
864,889,5
864,890,6
864,891,5
864,892,5
864,894,5
864,895,5
864,896,5
864,897,6
864,898,6
864,899,5
864,900,6
864,901,5
864,902,5
864,903,6
864,904,5
865,887,5
865,905,8
865,906,10
865,908,5
865,909,5
865,910,5
865,911,5
866,868,5
868,870,8
868,871,6
868,872,5
868,874,6
868,875,5
868,876,6
868,877,5
868,878,6
868,879,6
868,880,5
868,881,6
868,883,6
868,884,5
868,885,5
868,886,6
868,888,5
868,889,5
868,890,6
868,891,5
868,892,5
868,894,5
868,895,5
868,896,5
868,897,7
868,898,6
868,899,5
868,900,6
868,901,5
868,902,5
868,903,6
868,904,5
870,871,6
870,872,5
870,874,6
870,876,6
870,878,5
870,879,5
870,881,5
870,883,5
870,886,5
870,890,5
870,897,5
870,898,5
870,900,5
870,903,5
871,872,6
871,873,6
871,874,6
871,876,6
871,878,5
871,879,5
871,881,5
871,883,5
871,886,5
871,890,5
871,897,5
871,898,5
871,900,5
871,903,5
872,874,5
872,876,5
872,879,5
872,903,5
874,876,6
874,878,5
874,879,5
874,881,5
874,883,5
874,886,5
874,890,5
874,897,5
874,898,5
874,900,5
874,903,5
875,877,5
875,878,5
875,879,5
875,880,5
875,881,5
875,883,5
875,884,5
875,885,5
875,886,5
875,888,5
875,889,5
875,890,5
875,891,5
875,892,5
875,894,5
875,895,5
875,896,5
875,897,5
875,898,5
875,899,5
875,900,5
875,901,5
875,902,5
875,903,5
875,904,5
876,878,5
876,879,5
876,881,5
876,883,5
876,886,5
876,890,5
876,897,5
876,898,5
876,900,5
876,903,5
877,878,5
877,879,5
877,880,5
877,881,7
877,883,5
877,884,5
877,885,5
877,886,5
877,888,5
877,889,5
877,890,5
877,891,5
877,892,5
877,894,5
877,895,5
877,896,5
877,897,5
877,898,5
877,899,5
877,900,5
877,901,5
877,902,5
877,903,5
877,904,5
878,879,6
878,880,5
878,881,5
878,883,6
878,884,5
878,885,5
878,886,6
878,888,5
878,889,5
878,890,6
878,891,5
878,892,5
878,894,5
878,895,5
878,896,5
878,897,6
878,898,6
878,899,5
878,900,6
878,901,5
878,902,5
878,903,6
878,904,5
879,880,5
879,881,5
879,883,6
879,884,5
879,885,5
879,886,6
879,888,5
879,889,5
879,890,6
879,891,5
879,892,5
879,894,5
879,895,5
879,896,5
879,897,6
879,898,6
879,899,5
879,900,6
879,901,5
879,902,5
879,903,7
879,904,5
880,881,5
880,883,5
880,884,5
880,885,5
880,886,5
880,888,5
880,889,5
880,890,5
880,891,5
880,892,5
880,894,5
880,895,5
880,896,5
880,897,5
880,898,5
880,899,5
880,900,5
880,901,5
880,902,5
880,903,5
880,904,5
881,883,5
881,884,5
881,885,5
881,886,5
881,888,5
881,889,5
881,890,5
881,891,5
881,892,5
881,894,5
881,895,5
881,896,5
881,897,5
881,898,5
881,899,5
881,900,5
881,901,5
881,902,5
881,903,5
881,904,5
883,884,5
883,885,5
883,886,6
883,888,5
883,889,5
883,890,6
883,891,5
883,892,5
883,894,5
883,895,5
883,896,5
883,897,6
883,898,6
883,899,5
883,900,6
883,901,5
883,902,5
883,903,6
883,904,5
884,885,5
884,886,5
884,888,5
884,889,5
884,890,5
884,891,5
884,892,5
884,894,5
884,895,5
884,896,5
884,897,5
884,898,5
884,899,5
884,900,5
884,901,5
884,902,5
884,903,5
884,904,5
885,886,5
885,888,5
885,889,5
885,890,5
885,891,5
885,892,5
885,894,5
885,895,5
885,896,5
885,897,5
885,898,5
885,899,5
885,900,5
885,901,5
885,902,5
885,903,5
885,904,5
886,888,5
886,889,5
886,890,7
886,891,5
886,892,5
886,894,5
886,895,5
886,896,5
886,897,6
886,898,6
886,899,5
886,900,6
886,901,5
886,902,5
886,903,7
886,904,5
887,909,5
888,889,5
888,890,5
888,891,5
888,892,5
888,894,5
888,895,5
888,896,5
888,897,5
888,898,5
888,899,5
888,900,5
888,901,5
888,902,5
888,903,5
888,904,5
889,890,5
889,891,5
889,892,5
889,894,5
889,895,5
889,896,5
889,897,5
889,898,5
889,899,5
889,900,5
889,901,5
889,902,5
889,903,5
889,904,5
890,891,5
890,892,5
890,894,5
890,895,5
890,896,5
890,897,6
890,898,6
890,899,5
890,900,6
890,901,5
890,902,5
890,903,7
890,904,5
891,892,5
891,894,5
891,895,5
891,896,5
891,897,5
891,898,5
891,899,5
891,900,5
891,901,5
891,902,5
891,903,5
891,904,5
892,894,5
892,895,5
892,896,5
892,897,5
892,898,5
892,899,5
892,900,5
892,901,5
892,902,5
892,903,5
892,904,5
894,895,5
894,896,5
894,897,5
894,898,5
894,899,5
894,900,5
894,901,5
894,902,5
894,903,5
894,904,5
895,896,5
895,897,5
895,898,5
895,899,5
895,900,5
895,901,5
895,902,5
895,903,5
895,904,5
896,897,5
896,898,5
896,899,5
896,900,5
896,901,5
896,902,5
896,903,5
896,904,5
897,898,6
897,899,5
897,900,6
897,901,5
897,902,5
897,903,6
897,904,5
898,899,5
898,900,6
898,901,5
898,902,5
898,903,6
898,904,5
899,900,5
899,901,5
899,902,5
899,903,5
899,904,5
900,901,5
900,902,5
900,903,6
900,904,5
901,902,5
901,903,5
901,904,5
902,903,5
902,904,5
903,904,5
905,906,8
906,908,5
906,909,5
906,910,5
906,911,5
907,909,5
907,910,5
907,911,5
908,909,5
908,910,7
908,911,8
909,910,6
909,911,6
910,911,8
913,920,12
913,928,7
913,929,7
913,934,5
913,938,6
913,959,5
914,928,7
914,957,5
915,924,5
915,961,5
917,935,5
917,937,5
917,959,8
917,962,5
918,920,5
918,928,5
918,938,5
920,928,8
920,934,7
920,938,13
920,957,5
920,959,6
920,961,5
920,962,10
920,992,6
920,993,8
920,1000,5
920,1007,5
921,938,5
921,962,5
921,992,11
921,993,11
924,927,5
924,928,12
924,930,6
924,934,5
924,935,5
924,937,9
924,941,5
924,946,6
924,955,5
924,957,8
924,959,5
924,961,6
924,962,6
924,972,6
924,973,5
924,974,5
926,928,5
927,928,6
927,957,6
928,930,8
928,931,5
928,932,5
928,934,7
928,935,5
928,936,5
928,937,9
928,938,5
928,941,5
928,946,5
928,949,5
928,957,9
928,959,8
928,962,6
928,969,5
928,972,5
928,973,6
928,974,5
928,992,6
928,993,5
928,999,5
928,1006,6
929,937,5
929,962,5
929,976,6
930,931,5
930,934,5
930,937,7
930,957,6
930,961,6
931,934,12
931,949,6
931,957,5
931,959,10
931,970,6
931,976,5
934,937,5
934,949,6
934,957,6
934,959,11
934,976,7
935,946,5
935,957,5
935,973,5
935,992,5
937,955,5
937,957,7
937,959,6
937,962,5
937,969,5
938,959,6
938,961,5
938,962,10
938,976,5
938,992,6
938,993,7
938,1000,5
938,1006,6
938,1007,10
941,957,5
946,957,5
946,961,6
946,973,5
948,963,5
948,1000,6
949,959,8
951,1023,5
951,1025,6
957,959,9
957,961,5
957,962,6
957,969,5
957,970,8
957,972,6
957,973,5
957,992,5
957,999,5
957,1000,6
959,961,5
959,962,6
959,970,6
959,976,8
961,962,7
961,976,5
962,965,5
962,976,5
962,992,8
962,993,5
962,1007,7
963,999,7
963,1000,10
963,1004,5
969,973,5
970,1455,5
972,1025,6
973,974,6
976,992,5
976,993,6
978,980,6
992,993,15
992,1007,5
993,1007,5
996,1000,5
998,1000,5
999,1000,10
999,1002,6
999,1004,6
1000,1004,6
1000,1007,5
1007,1025,5
1023,1024,5
1023,1025,6
1024,1025,7
1031,1032,5
1032,1034,5
1040,1043,5
1040,1047,5
1042,1043,6
1042,1044,7
1042,1045,7
1042,1046,6
1042,1048,7
1042,1051,5
1042,1052,5
1043,1044,6
1043,1045,6
1043,1046,6
1043,1047,6
1043,1048,6
1043,1051,5
1043,1052,5
1043,1054,5
1043,1055,5
1043,1061,5
1044,1045,7
1044,1046,6
1044,1048,7
1044,1051,5
1044,1052,5
1045,1046,6
1045,1048,7
1045,1051,5
1045,1052,5
1046,1048,6
1046,1051,5
1046,1052,5
1048,1051,5
1048,1052,5
1049,1050,5
1051,1052,5
1052,1054,5
1052,1055,5
1052,1061,5
1054,1055,7
1054,1061,6
1055,1061,6
1068,1069,11
1068,1070,7
1068,1071,6
1068,1072,5
1068,1074,10
1068,1075,9
1068,1076,10
1068,1077,7
1068,1078,10
1068,1079,10
1068,1080,10
1068,1081,11
1068,1082,9
1068,1083,9
1068,1084,8
1068,1085,6
1068,1086,8
1068,1087,6
1068,1088,9
1068,1089,9
1068,1090,10
1068,1091,10
1068,1092,10
1068,1093,11
1068,1094,5
1068,1095,6
1068,1096,7
1068,1097,7
1068,1098,6
1068,1099,7
1068,1100,6
1068,1101,6
1068,1102,5
1068,1103,6
1068,1104,6
1068,1105,5
1068,1107,6
1068,1109,5
1068,1111,6
1068,1112,6
1068,1114,5
1068,1116,5
1068,1118,7
1068,1119,8
1068,1120,8
1068,1121,5
1068,1122,5
1068,1123,6
1068,1125,8
1069,1070,8
1069,1071,8
1069,1072,5
1069,1074,11
1069,1075,11
1069,1076,11
1069,1077,7
1069,1078,11
1069,1079,11
1069,1080,11
1069,1081,12
1069,1082,10
1069,1083,11
1069,1084,7
1069,1085,5
1069,1086,7
1069,1087,5
1069,1088,11
1069,1089,11
1069,1090,11
1069,1091,11
1069,1092,11
1069,1093,15
1069,1094,5
1069,1095,7
1069,1096,7
1069,1097,9
1069,1098,7
1069,1099,8
1069,1100,8
1069,1101,8
1069,1103,8
1069,1104,8
1069,1107,8
1069,1111,8
1069,1112,8
1069,1114,7
1069,1116,6
1069,1118,9
1069,1119,10
1069,1120,10
1069,1122,5
1069,1123,8
1069,1124,6
1069,1125,10
1070,1071,9
1070,1074,10
1070,1075,8
1070,1076,9
1070,1078,10
1070,1079,10
1070,1080,10
1070,1081,11
1070,1082,8
1070,1083,9
1070,1088,9
1070,1089,9
1070,1090,10
1070,1091,10
1070,1092,10
1070,1093,9
1070,1094,6
1070,1095,10
1070,1096,9
1070,1097,9
1070,1098,7
1070,1099,9
1070,1100,8
1070,1101,8
1070,1102,6
1070,1103,9
1070,1104,9
1070,1105,6
1070,1107,9
1070,1109,6
1070,1111,8
1070,1112,9
1070,1114,7
1070,1115,6
1070,1116,7
1070,1118,9
1070,1119,8
1070,1120,9
1070,1123,9
1070,1124,6
1070,1125,9
1071,1074,8
1071,1075,9
1071,1076,9
1071,1078,9
1071,1079,9
1071,1080,9
1071,1081,9
1071,1082,6
1071,1083,9
1071,1088,9
1071,1089,9
1071,1090,9
1071,1091,9
1071,1092,9
1071,1093,9
1071,1095,8
1071,1096,7
1071,1097,8
1071,1098,5
1071,1099,9
1071,1100,9
1071,1101,9
1071,1103,9
1071,1104,9
1071,1107,9
1071,1111,9
1071,1112,9
1071,1114,8
1071,1116,5
1071,1118,9
1071,1119,9
1071,1120,9
1071,1123,8
1071,1124,7
1071,1125,8
1072,1081,6
1072,1098,7
1072,1121,5
1072,1122,5
1072,1123,5
1072,1125,7
1074,1075,12
1074,1076,12
1074,1077,6
1074,1078,13
1074,1079,14
1074,1080,13
1074,1081,13
1074,1082,11
1074,1083,11
1074,1084,7
1074,1085,6
1074,1086,7
1074,1087,6
1074,1088,11
1074,1089,11
1074,1090,14
1074,1091,14
1074,1092,13
1074,1093,12
1074,1094,5
1074,1095,9
1074,1096,9
1074,1097,9
1074,1098,7
1074,1099,9
1074,1100,8
1074,1101,8
1074,1102,6
1074,1103,9
1074,1104,9
1074,1105,6
1074,1107,9
1074,1109,6
1074,1111,8
1074,1112,9
1074,1114,7
1074,1115,5
1074,1116,6
1074,1118,9
1074,1119,10
1074,1120,10
1074,1122,5
1074,1123,10
1074,1124,7
1074,1125,10
1075,1076,12
1075,1077,6
1075,1078,12
1075,1079,12
1075,1080,12
1075,1081,12
1075,1082,9
1075,1083,13
1075,1084,7
1075,1085,6
1075,1086,7
1075,1087,6
1075,1088,13
1075,1089,13
1075,1090,13
1075,1091,13
1075,1092,12
1075,1093,12
1075,1095,8
1075,1096,8
1075,1097,9
1075,1098,6
1075,1099,8
1075,1100,8
1075,1101,8
1075,1103,8
1075,1104,8
1075,1106,5
1075,1107,8
1075,1108,5
1075,1110,5
1075,1111,8
1075,1112,8
1075,1114,7
1075,1116,5
1075,1118,10
1075,1119,11
1075,1120,11
1075,1123,10
1075,1124,8
1075,1125,10
1076,1077,6
1076,1078,13
1076,1079,13
1076,1080,13
1076,1081,13
1076,1082,10
1076,1083,12
1076,1084,8
1076,1085,7
1076,1086,8
1076,1087,7
1076,1088,12
1076,1089,12
1076,1090,13
1076,1091,13
1076,1092,13
1076,1093,13
1076,1094,5
1076,1095,9
1076,1096,9
1076,1097,9
1076,1098,6
1076,1099,9
1076,1100,8
1076,1101,8
1076,1102,5
1076,1103,8
1076,1104,8
1076,1105,5
1076,1107,8
1076,1109,5
1076,1111,8
1076,1112,8
1076,1114,7
1076,1116,6
1076,1118,10
1076,1119,11
1076,1120,11
1076,1123,9
1076,1124,7
1076,1125,9
1077,1078,6
1077,1079,6
1077,1080,6
1077,1081,6
1077,1082,10
1077,1083,6
1077,1084,6
1077,1086,6
1077,1088,6
1077,1089,6
1077,1090,6
1077,1091,6
1077,1092,6
1077,1093,6
1077,1119,5
1077,1120,5
1078,1079,14
1078,1080,14
1078,1081,14
1078,1082,11
1078,1083,12
1078,1084,8
1078,1085,7
1078,1086,8
1078,1087,7
1078,1088,12
1078,1089,12
1078,1090,14
1078,1091,14
1078,1092,14
1078,1093,13
1078,1094,5
1078,1095,10
1078,1096,10
1078,1097,9
1078,1098,7
1078,1099,9
1078,1100,8
1078,1101,8
1078,1102,6
1078,1103,9
1078,1104,9
1078,1105,6
1078,1107,9
1078,1109,6
1078,1111,8
1078,1112,9
1078,1114,7
1078,1115,5
1078,1116,6
1078,1118,10
1078,1119,11
1078,1120,11
1078,1122,5
1078,1123,10
1078,1124,7
1078,1125,10
1079,1080,14
1079,1081,14
1079,1082,11
1079,1083,12
1079,1084,8
1079,1085,7
1079,1086,8
1079,1087,7
1079,1088,12
1079,1089,12
1079,1090,14
1079,1091,14
1079,1092,14
1079,1093,13
1079,1094,5
1079,1095,10
1079,1096,10
1079,1097,9
1079,1098,8
1079,1099,9
1079,1100,8
1079,1101,8
1079,1102,6
1079,1103,9
1079,1104,9
1079,1105,6
1079,1107,9
1079,1109,6
1079,1111,8
1079,1112,9
1079,1114,7
1079,1115,5
1079,1116,6
1079,1118,10
1079,1119,11
1079,1120,11
1079,1122,5
1079,1123,10
1079,1124,7
1079,1125,10
1080,1081,15
1080,1082,12
1080,1083,12
1080,1084,8
1080,1085,7
1080,1086,8
1080,1087,7
1080,1088,12
1080,1089,12
1080,1090,14
1080,1091,14
1080,1092,14
1080,1093,13
1080,1094,5
1080,1095,10
1080,1096,10
1080,1097,9
1080,1098,8
1080,1099,9
1080,1100,8
1080,1101,8
1080,1102,6
1080,1103,9
1080,1104,9
1080,1105,6
1080,1107,9
1080,1109,6
1080,1111,8
1080,1112,9
1080,1114,7
1080,1115,5
1080,1116,6
1080,1118,10
1080,1119,11
1080,1120,11
1080,1122,5
1080,1123,10
1080,1124,7
1080,1125,10
1081,1082,13
1081,1083,14
1081,1084,8
1081,1085,7
1081,1086,8
1081,1087,7
1081,1088,14
1081,1089,14
1081,1090,14
1081,1091,14
1081,1092,14
1081,1093,14
1081,1094,5
1081,1095,11
1081,1096,11
1081,1097,11
1081,1098,10
1081,1099,9
1081,1100,8
1081,1101,8
1081,1102,6
1081,1103,9
1081,1104,9
1081,1105,6
1081,1106,5
1081,1107,9
1081,1108,5
1081,1109,6
1081,1110,5
1081,1111,8
1081,1112,9
1081,1114,7
1081,1115,5
1081,1116,6
1081,1118,12
1081,1119,11
1081,1120,13
1081,1122,6
1081,1123,12
1081,1124,7
1081,1125,13
1082,1083,10
1082,1084,7
1082,1085,5
1082,1086,7
1082,1087,5
1082,1088,10
1082,1089,10
1082,1090,11
1082,1091,11
1082,1092,11
1082,1093,10
1082,1094,5
1082,1095,7
1082,1096,7
1082,1097,8
1082,1098,5
1082,1099,7
1082,1100,6
1082,1101,6
1082,1103,7
1082,1104,7
1082,1107,7
1082,1111,6
1082,1112,7
1082,1114,5
1082,1115,6
1082,1116,6
1082,1118,8
1082,1119,8
1082,1120,9
1082,1123,8
1082,1125,9
1083,1084,7
1083,1085,6
1083,1086,7
1083,1087,6
1083,1088,16
1083,1089,16
1083,1090,12
1083,1091,12
1083,1092,12
1083,1093,12
1083,1095,9
1083,1096,9
1083,1097,11
1083,1098,7
1083,1099,8
1083,1100,8
1083,1101,8
1083,1103,8
1083,1104,8
1083,1106,6
1083,1107,8
1083,1108,6
1083,1110,6
1083,1111,8
1083,1112,8
1083,1114,7
1083,1116,5
1083,1118,13
1083,1119,12
1083,1120,14
1083,1123,12
1083,1124,7
1083,1125,12
1084,1085,8
1084,1086,11
1084,1087,7
1084,1088,7
1084,1089,7
1084,1090,8
1084,1091,8
1084,1092,8
1084,1093,8
1084,1095,5
1084,1096,6
1084,1118,5
1084,1119,6
1084,1120,6
1084,1125,5
1085,1086,8
1085,1087,7
1085,1088,6
1085,1089,6
1085,1090,7
1085,1091,7
1085,1092,7
1085,1093,7
1085,1095,5
1085,1096,6
1085,1118,5
1085,1119,6
1085,1120,6
1086,1087,7
1086,1088,7
1086,1089,7
1086,1090,8
1086,1091,8
1086,1092,8
1086,1093,8
1086,1095,5
1086,1096,6
1086,1118,5
1086,1119,6
1086,1120,6
1086,1125,5
1087,1088,6
1087,1089,6
1087,1090,7
1087,1091,7
1087,1092,7
1087,1093,7
1087,1095,5
1087,1096,6
1087,1118,5
1087,1119,6
1087,1120,6
1088,1089,16
1088,1090,12
1088,1091,12
1088,1092,12
1088,1093,12
1088,1095,9
1088,1096,9
1088,1097,11
1088,1098,7
1088,1099,8
1088,1100,8
1088,1101,8
1088,1103,8
1088,1104,8
1088,1106,6
1088,1107,8
1088,1108,6
1088,1110,6
1088,1111,8
1088,1112,8
1088,1114,7
1088,1116,5
1088,1118,13
1088,1119,12
1088,1120,14
1088,1123,12
1088,1124,7
1088,1125,12
1089,1090,12
1089,1091,12
1089,1092,12
1089,1093,12
1089,1095,9
1089,1096,9
1089,1097,11
1089,1098,7
1089,1099,8
1089,1100,8
1089,1101,8
1089,1103,8
1089,1104,8
1089,1106,6
1089,1107,8
1089,1108,6
1089,1110,6
1089,1111,8
1089,1112,8
1089,1114,7
1089,1116,5
1089,1118,13
1089,1119,12
1089,1120,14
1089,1123,12
1089,1124,7
1089,1125,12
1090,1091,16
1090,1092,14
1090,1093,13
1090,1094,5
1090,1095,10
1090,1096,10
1090,1097,9
1090,1098,7
1090,1099,9
1090,1100,8
1090,1101,8
1090,1102,6
1090,1103,9
1090,1104,9
1090,1105,6
1090,1107,9
1090,1109,6
1090,1111,8
1090,1112,9
1090,1114,7
1090,1115,5
1090,1116,6
1090,1118,10
1090,1119,11
1090,1120,11
1090,1122,5
1090,1123,12
1090,1124,8
1090,1125,12
1091,1092,14
1091,1093,13
1091,1094,5
1091,1095,10
1091,1096,10
1091,1097,9
1091,1098,7
1091,1099,9
1091,1100,8
1091,1101,8
1091,1102,6
1091,1103,9
1091,1104,9
1091,1105,6
1091,1107,9
1091,1109,6
1091,1111,8
1091,1112,9
1091,1114,7
1091,1115,5
1091,1116,6
1091,1118,10
1091,1119,11
1091,1120,11
1091,1122,5
1091,1123,12
1091,1124,8
1091,1125,12
1092,1093,13
1092,1094,5
1092,1095,10
1092,1096,10
1092,1097,9
1092,1098,7
1092,1099,9
1092,1100,8
1092,1101,8
1092,1102,6
1092,1103,9
1092,1104,9
1092,1105,6
1092,1107,9
1092,1109,6
1092,1111,8
1092,1112,9
1092,1114,7
1092,1115,5
1092,1116,6
1092,1118,10
1092,1119,11
1092,1120,11
1092,1122,5
1092,1123,10
1092,1124,7
1092,1125,10
1093,1094,5
1093,1095,9
1093,1096,9
1093,1097,9
1093,1098,8
1093,1099,9
1093,1100,8
1093,1101,8
1093,1102,5
1093,1103,8
1093,1104,8
1093,1105,5
1093,1107,8
1093,1109,5
1093,1111,8
1093,1112,8
1093,1114,7
1093,1116,6
1093,1118,10
1093,1119,11
1093,1120,11
1093,1122,5
1093,1123,9
1093,1124,7
1093,1125,10
1094,1095,5
1094,1096,5
1094,1099,5
1094,1115,8
1094,1116,7
1094,1125,5
1095,1096,10
1095,1097,8
1095,1098,6
1095,1099,8
1095,1100,7
1095,1101,7
1095,1102,5
1095,1103,8
1095,1104,8
1095,1105,5
1095,1107,8
1095,1109,5
1095,1111,7
1095,1112,8
1095,1114,7
1095,1115,5
1095,1116,6
1095,1118,9
1095,1119,8
1095,1120,9
1095,1123,9
1095,1124,7
1095,1125,9
1096,1097,7
1096,1098,8
1096,1099,7
1096,1100,6
1096,1101,6
1096,1102,5
1096,1103,7
1096,1104,7
1096,1105,5
1096,1107,7
1096,1109,5
1096,1111,6
1096,1112,7
1096,1114,6
1096,1115,5
1096,1116,5
1096,1118,8
1096,1119,8
1096,1120,9
1096,1123,8
1096,1124,6
1096,1125,8
1097,1098,5
1097,1099,8
1097,1100,8
1097,1101,8
1097,1103,8
1097,1104,8
1097,1106,5
1097,1107,8
1097,1108,5
1097,1110,5
1097,1111,8
1097,1112,8
1097,1114,7
1097,1116,5
1097,1118,11
1097,1119,9
1097,1120,11
1097,1123,10
1097,1124,6
1097,1125,10
1098,1103,5
1098,1104,5
1098,1107,5
1098,1112,5
1098,1118,6
1098,1119,6
1098,1120,7
1098,1122,5
1098,1123,8
1098,1125,9
1099,1100,9
1099,1101,9
1099,1102,5
1099,1103,9
1099,1104,9
1099,1105,5
1099,1107,9
1099,1109,5
1099,1111,9
1099,1112,9
1099,1114,8
1099,1116,6
1099,1118,8
1099,1119,8
1099,1120,8
1099,1123,7
1099,1124,6
1099,1125,7
1100,1101,10
1100,1103,10
1100,1104,10
1100,1107,10
1100,1111,9
1100,1112,10
1100,1114,8
1100,1116,5
1100,1118,8
1100,1119,8
1100,1120,8
1100,1123,7
1100,1124,6
1100,1125,7
1101,1103,10
1101,1104,10
1101,1107,10
1101,1111,9
1101,1112,10
1101,1114,8
1101,1116,5
1101,1118,8
1101,1119,8
1101,1120,8
1101,1123,7
1101,1124,6
1101,1125,7
1102,1103,5
1102,1104,5
1102,1105,6
1102,1107,5
1102,1109,6
1102,1112,5
1103,1104,11
1103,1105,5
1103,1107,11
1103,1109,5
1103,1111,9
1103,1112,11
1103,1114,8
1103,1116,5
1103,1118,8
1103,1119,8
1103,1120,8
1103,1123,8
1103,1124,6
1103,1125,8
1104,1105,5
1104,1107,11
1104,1109,5
1104,1111,9
1104,1112,11
1104,1114,8
1104,1116,5
1104,1118,8
1104,1119,8
1104,1120,8
1104,1123,8
1104,1124,6
1104,1125,8
1105,1107,5
1105,1109,6
1105,1112,5
1106,1108,8
1106,1110,8
1106,1120,5
1107,1109,5
1107,1111,9
1107,1112,11
1107,1114,8
1107,1116,5
1107,1118,8
1107,1119,8
1107,1120,8
1107,1123,8
1107,1124,6
1107,1125,8
1108,1110,8
1108,1120,5
1109,1112,5
1110,1120,5
1111,1112,9
1111,1114,8
1111,1116,5
1111,1118,8
1111,1119,8
1111,1120,8
1111,1123,7
1111,1124,6
1111,1125,7
1112,1114,8
1112,1116,5
1112,1118,8
1112,1119,8
1112,1120,8
1112,1123,8
1112,1124,6
1112,1125,8
1114,1116,5
1114,1118,7
1114,1119,7
1114,1120,7
1114,1123,6
1114,1124,6
1114,1125,6
1115,1116,7
1115,1125,5
1116,1118,5
1116,1119,5
1116,1120,5
1116,1123,5
1116,1124,5
1116,1125,6
1118,1119,11
1118,1120,13
1118,1123,12
1118,1124,7
1118,1125,12
1119,1120,12
1119,1123,10
1119,1124,7
1119,1125,10
1120,1123,12
1120,1124,7
1120,1125,12
1123,1124,9
1123,1125,18
1124,1125,9
1137,1138,9
1137,1141,6
1137,1142,7
1137,1143,10
1137,1144,9
1137,1145,9
1137,1146,9
1137,1148,5
1137,1151,7
1137,1192,5
1138,1141,6
1138,1142,5
1138,1143,8
1138,1144,7
1138,1145,7
1138,1146,7
1141,1142,5
1141,1143,5
1141,1144,5
1141,1145,5
1141,1146,5
1142,1143,5
1142,1144,5
1142,1145,5
1142,1146,5
1142,1151,6
1142,1192,5
1143,1144,12
1143,1145,10
1143,1146,10
1143,1148,5
1144,1145,10
1144,1146,10
1144,1148,5
1145,1146,10
1145,1148,5
1146,1148,5
1147,1150,5
1156,1158,6
1156,1168,5
1157,1161,5
1158,1168,5
1184,1192,5
1184,1193,5
1189,1190,5
1189,1191,5
1189,1192,12
1189,1193,11
1190,1192,5
1190,1193,6
1191,1192,8
1191,1193,6
1191,1194,6
1192,1193,13
1192,1194,6
1193,1194,7
1207,1208,7
1207,1209,5
1208,1209,5
1220,1222,13
1220,1223,16
1220,1224,27
1220,1226,9
1220,1227,30
1220,1229,33
1220,1230,12
1220,1231,16
1220,1232,27
1220,1233,12
1220,1234,17
1220,1238,6
1220,1239,7
1220,1242,13
1220,1243,7
1220,1256,8
1220,1270,5
1220,1288,5
1222,1224,6
1222,1225,6
1222,1227,5
1222,1229,8
1222,1230,5
1222,1232,6
1222,1242,6
1223,1224,9
1223,1227,10
1223,1229,14
1223,1230,12
1223,1231,6
1223,1232,11
1223,1233,6
1223,1234,5
1223,1237,5
1223,1238,5
1223,1239,5
1223,1242,10
1224,1226,12
1224,1227,22
1224,1229,27
1224,1230,6
1224,1231,12
1224,1232,26
1224,1233,11
1224,1234,15
1224,1238,6
1224,1242,8
1224,1243,8
1224,1264,5
1226,1227,7
1226,1229,13
1226,1232,13
1226,1234,6
1227,1229,22
1227,1230,8
1227,1231,9
1227,1232,19
1227,1233,6
1227,1234,13
1227,1237,5
1227,1238,5
1227,1239,7
1227,1242,9
1227,1243,5
1227,1245,5
1227,1256,6
1229,1230,10
1229,1231,9
1229,1232,27
1229,1233,9
1229,1234,17
1229,1238,6
1229,1239,7
1229,1242,14
1229,1243,6
1229,1256,5
1230,1231,5
1230,1232,10
1230,1233,5
1230,1234,6
1230,1238,6
1230,1239,5
1230,1242,7
1231,1232,14
1231,1233,9
1231,1234,12
1231,1238,5
1231,1239,5
1231,1242,5
1231,1243,6
1232,1233,7
1232,1234,18
1232,1238,5
1232,1239,7
1232,1242,9
1232,1243,7
1232,1256,5
1233,1234,7
1234,1243,5
1234,1256,6
1237,1238,7
1237,1242,6
1238,1242,8
1238,1243,5
1238,1246,5
1239,1242,5
1242,1243,9
1242,1246,5
1242,1288,5
1245,1246,7
1251,1256,6
1251,1264,5
1256,1264,9
1256,1266,5
1256,1270,8
1256,1275,5
1256,1292,6
1258,1259,8
1258,1268,5
1259,1268,5
1261,1285,5
1264,1265,6
1264,1270,8
1265,1270,6
1295,1299,5
1296,1332,7
1296,1363,6
1300,1304,5
1303,1322,9
1303,1332,6
1303,1482,5
1319,1322,7
1322,1323,5
1322,1332,9
1322,1482,6
1332,1337,5
1332,1482,5
1352,1353,5
1364,1365,5
1368,1373,5
1379,1380,6
1379,1383,5
1379,1384,5
1380,1383,6
1380,1384,8
1381,1382,5
1381,1383,6
1381,1384,6
1382,1383,8
1382,1384,7
1382,1390,5
1382,1398,6
1382,1400,5
1382,1401,5
1383,1384,8
1383,1388,5
1383,1390,6
1383,1398,7
1383,1399,5
1383,1400,7
1383,1401,6
1384,1385,5
1384,1390,6
1384,1398,7
1384,1399,5
1384,1400,6
1384,1401,6
1388,1390,6
1388,1398,6
1388,1400,6
1388,1407,5
1390,1398,6
1390,1399,5
1390,1400,5
1390,1401,6
1398,1399,9
1398,1400,10
1398,1401,11
1398,1407,5
1399,1400,8
1399,1401,9
1400,1401,8
1400,1407,5
1404,1405,5
1431,1451,8
1431,1455,7
1447,1451,5
1451,1453,5
1451,1455,7
1451,1457,5
1451,1459,6
1453,1455,5
1453,1457,5
1453,1459,5
1455,1456,5
1455,1457,5
1490,1491,6
1490,1494,7
1491,1494,6
1493,1497,6
1495,1497,5
1504,1506,7
1505,1506,5
1512,1513,6
1512,1514,5
1513,1514,6
1516,1517,5
1518,1520,5
1520,1521,5
1520,1537,5
1521,1527,5
1521,1530,5
1521,1532,5
1521,1533,6
1521,1546,5
1521,1547,5
1521,1548,5
1522,1523,7
1522,1524,8
1522,1527,5
1522,1529,5
1522,1530,5
1522,1535,6
1522,1537,6
1522,1546,6
1522,1547,5
1522,1548,5
1522,1550,6
1523,1524,10
1523,1525,6
1523,1526,7
1523,1535,5
1523,1537,6
1523,1545,5
1524,1525,8
1524,1526,9
1524,1527,5
1524,1529,5
1524,1530,5
1524,1535,6
1524,1537,5
1524,1546,6
1524,1547,5
1524,1548,5
1524,1550,6
1524,1551,5
1525,1526,6
1525,1527,5
1525,1529,5
1525,1530,5
1525,1535,5
1525,1536,5
1525,1546,6
1525,1547,5
1525,1548,5
1525,1550,6
1526,1535,5
1526,1551,5
1527,1529,5
1527,1530,7
1527,1532,6
1527,1533,7
1527,1535,5
1527,1536,7
1527,1537,5
1527,1538,5
1527,1541,5
1527,1543,5
1527,1545,5
1527,1546,11
1527,1547,11
1527,1548,11
1527,1550,10
1529,1530,6
1529,1532,5
1529,1533,5
1529,1546,6
1529,1547,5
1529,1548,5
1529,1550,6
1530,1532,6
1530,1533,7
1530,1536,6
1530,1537,6
1530,1538,5
1530,1541,5
1530,1542,5
1530,1543,5
1530,1546,8
1530,1547,7
1530,1548,7
1530,1550,7
1532,1533,7
1532,1536,5
1532,1546,6
1532,1547,6
1532,1548,6
1532,1550,6
1533,1536,6
1533,1537,5
1533,1538,5
1533,1541,5
1533,1543,5
1533,1546,7
1533,1547,7
1533,1548,7
1533,1550,6
1535,1536,5
1535,1537,5
1535,1544,5
1535,1545,5
1535,1546,5
1535,1547,5
1535,1548,5
1535,1550,5
1535,1551,5
1536,1546,7
1536,1547,7
1536,1548,7
1536,1550,6
1537,1538,6
1537,1541,6
1537,1542,6
1537,1543,6
1537,1545,5
1537,1546,5
1537,1547,5
1537,1548,5
1538,1541,6
1538,1542,5
1538,1543,6
1538,1546,5
1538,1547,5
1538,1548,5
1541,1542,5
1541,1543,6
1541,1546,5
1541,1547,5
1541,1548,5
1542,1543,5
1543,1546,5
1543,1547,5
1543,1548,5
1544,1545,6
1545,1546,5
1545,1547,5
1545,1548,5
1546,1547,11
1546,1548,11
1546,1550,11
1547,1548,11
1547,1550,10
1548,1550,10
1552,1557,5
