4,978,5
10,978,5
13,978,21
13,998,2
20,978,5
21,978,5
24,978,5
46,47,3
46,48,1
46,50,2
46,50,3
46,52,6
46,74,3
46,147,4
46,253,8
46,280,4
46,315,2
46,763,1
46,1328,61
46,1512,4
46,1513,4
46,1514,5
46,1516,13
47,52,4
47,253,4
47,1328,3
47,1516,2
48,50,1
48,61,3
48,71,2
48,74,1
48,89,6
48,147,14
48,148,1
48,185,1
48,190,2
48,216,2
48,241,3
48,253,3
48,280,2
48,282,1
48,313,5
48,314,5
48,319,40
48,327,2
48,331,7
48,334,3
48,349,3
48,357,4
48,383,1
48,390,20
48,391,4
48,392,5
48,398,5
48,413,3
48,422,6
48,436,1
48,465,3
48,484,2
48,515,3
48,519,2
48,521,5
48,533,8
48,576,18
48,578,6
48,581,6
48,584,4
48,591,2
48,596,4
48,605,1
48,608,19
48,615,4
48,656,2
48,764,1
48,920,10
48,928,1
48,929,3
48,935,6
48,938,3
48,962,14
48,963,2
48,964,3
48,976,9
48,992,4
48,998,4
48,999,3
48,1000,10
48,1006,1
48,1007,5
48,1303,1
48,1332,5
48,1337,4
48,1373,2
48,1459,1
48,1522,1
48,1533,1
48,1535,1
48,1544,3
48,1545,3
50,52,4
50,61,1
50,65,2
50,74,43
50,82,4
50,83,1
50,89,8
50,147,2
50,190,3
50,253,7
50,280,2
50,294,4
50,315,38
50,319,5
50,325,13
50,326,5
50,327,8
50,329,7
50,331,1
50,428,2
50,430,4
50,431,3
50,432,4
50,433,18
50,434,15
50,435,5
50,436,7
50,515,5
50,518,1
50,519,25
50,521,17
50,525,10
50,527,2
50,547,2
50,548,1
50,549,1
50,562,1
50,576,30
50,578,15
50,581,8
50,605,3
50,608,16
50,615,1
50,616,3
50,656,3
50,782,2
50,938,1
50,948,18
50,963,5
50,999,3
50,1000,26
50,1007,4
50,1303,1
50,1322,7
50,1328,50
50,1332,5
50,1353,38
50,1421,1
50,1504,1
50,1512,4
50,1513,1
50,1514,1
50,1516,4
50,1518,1
50,1520,4
50,1522,4
50,1523,3
50,1527,2
50,1535,3
50,1536,1
50,1547,3
50,1548,2
50,1550,2
52,253,10
52,1328,16
52,1516,8
61,515,9
61,518,1
61,519,14
61,521,35
61,576,51
61,578,32
61,581,13
61,615,18
61,996,1
61,1007,1
61,1303,1
61,1328,3
61,1337,1
61,1368,2
61,1522,9
61,1557,2
65,66,1
65,71,2
65,73,34
65,82,2
65,89,15
65,147,3
65,209,3
65,212,4
65,216,4
65,231,3
65,239,2
65,253,6
65,267,5
65,280,2
65,294,4
65,315,23
65,325,8
65,327,8
65,428,17
65,433,12
65,434,18
65,436,9
65,515,7
65,518,15
65,519,26
65,521,11
65,525,2
65,527,13
65,565,3
65,566,3
65,576,40
65,578,38
65,581,51
65,596,4
65,605,3
65,608,20
65,615,5
65,616,4
65,782,9
65,938,2
65,948,5
65,996,3
65,1000,8
65,1007,13
65,1296,2
65,1303,7
65,1319,2
65,1322,15
65,1323,6
65,1328,24
65,1332,10
65,1337,4
65,1352,11
65,1353,33
65,1368,2
65,1417,2
65,1421,4
65,1482,2
65,1490,3
65,1491,3
65,1494,3
65,1504,3
65,1512,2
65,1513,2
65,1514,2
65,1516,2
65,1518,2
65,1520,2
65,1522,16
65,1523,7
65,1525,3
65,1527,4
65,1536,2
65,1546,5
65,1547,6
65,1548,3
65,1550,4
65,1552,2
65,1557,2
66,67,25
66,73,1
66,147,4
66,148,5
66,183,3
66,185,5
66,209,5
66,212,6
66,216,26
66,222,2
66,229,26
66,231,8
66,239,2
66,241,2
66,253,5
66,280,2
66,295,2
66,315,10
66,325,2
66,328,28
66,349,4
66,381,4
66,399,2
66,414,9
66,428,6
66,431,7
66,433,4
66,434,7
66,436,6
66,515,2
66,518,12
66,519,27
66,521,3
66,525,2
66,527,7
66,528,2
66,562,3
66,576,14
66,578,86
66,581,93
66,596,4
66,605,5
66,608,3
66,615,11
66,763,2
66,766,2
66,767,2
66,782,18
66,938,7
66,996,3
66,1000,2
66,1007,6
66,1295,2
66,1296,3
66,1303,7
66,1304,2
66,1319,2
66,1322,6
66,1323,5
66,1328,38
66,1332,9
66,1337,4
66,1352,19
66,1353,2
66,1364,15
66,1365,15
66,1368,2
66,1421,2
66,1451,4
66,1453,6
66,1459,2
66,1482,3
66,1490,2
66,1491,2
66,1494,2
66,1504,3
66,1512,2
66,1513,2
66,1514,2
66,1516,5
66,1522,12
66,1523,3
66,1524,3
66,1525,2
66,1527,4
66,1536,2
66,1546,3
66,1547,3
66,1548,3
66,1550,6
67,69,4
67,328,3
67,428,13
67,596,7
67,1524,5
68,69,1
68,148,3
68,268,2
68,295,3
68,315,2
68,428,22
68,576,108
68,578,14
68,596,5
68,1524,4
68,1525,11
68,1526,5
69,315,20
69,328,19
69,330,10
69,428,8
69,578,4
69,596,5
69,1000,1
69,1328,4
69,1526,6
71,73,2
71,89,8
71,147,6
71,197,2
71,267,4
71,280,5
71,327,6
71,463,2
71,483,2
71,484,4
71,519,7
71,524,16
71,547,3
71,576,8
71,591,21
71,761,12
71,764,3
71,999,2
71,1000,9
71,1303,3
71,1323,3
71,1522,9
71,1545,5
71,1550,8
73,74,4
73,327,8
73,433,3
74,83,1
74,315,20
74,327,11
74,329,6
74,433,1
74,782,4
74,1328,4
82,83,2
83,147,3
83,265,3
83,280,2
83,521,2
109,1451,4
109,1457,3
109,1459,5
109,1529,1
109,1530,2
109,1533,5
147,148,11
147,148,24
147,152,6
147,183,3
147,183,5
147,185,40
147,188,13
147,189,3
147,189,12
147,190,31
147,192,31
147,194,8
147,196,4
147,196,3
147,197,17
147,200,3
147,201,3
147,202,5
147,203,59
147,205,2
147,207,2
147,209,6
147,210,12
147,211,31
147,212,17
147,216,63
147,217,5
147,217,18
147,218,15
147,221,23
147,222,5
147,229,7
147,231,8
147,239,10
147,239,5
147,241,140
147,253,38
147,253,8
147,254,4
147,261,4
147,262,8
147,265,10
147,266,9
147,269,3
147,272,4
147,280,82
147,280,4
147,282,3
147,283,7
147,284,10
147,288,6
147,289,3
147,290,1
147,291,7
147,292,2
147,294,3
147,315,4
147,318,3
147,326,8
147,349,42
147,381,9
147,382,3
147,399,8
147,414,29
147,491,16
147,493,20
147,547,63
147,548,3
147,549,3
147,562,18
147,608,6
147,656,3
147,761,28
147,763,7
147,764,47
147,765,15
147,766,6
147,767,4
147,768,43
147,769,4
147,770,10
147,1300,3
147,1304,4
147,1323,18
147,1328,7
147,1353,32
148,185,6
148,188,3
148,189,3
148,190,6
148,192,2
148,196,3
148,197,6
148,200,3
148,201,3
148,202,3
148,207,11
148,211,4
148,216,2
148,217,5
148,217,5
148,219,43
148,239,4
148,241,34
148,259,34
148,262,3
148,267,4
148,268,10
148,269,23
148,295,4
148,295,52
148,296,2
148,297,7
148,299,11
148,315,3
148,318,3
148,349,25
148,381,7
148,382,3
148,399,4
148,414,17
148,491,2
148,493,2
148,547,33
148,548,2
148,549,2
148,562,6
148,656,3
148,761,5
148,763,16
148,764,27
148,765,5
148,766,3
148,767,5
148,768,2
148,769,4
148,770,2
148,1323,90
148,1328,2
148,1353,3
150,151,7
150,152,2
150,154,6
151,158,16
151,159,2
151,164,2
151,178,5
152,209,4
152,210,1
152,210,15
152,212,4
152,219,10
152,221,2
152,241,7
152,266,11
152,279,1
152,296,5
152,544,2
152,547,2
152,562,2
152,608,2
152,777,2
152,782,3
152,1417,8
157,158,1
158,159,6
158,161,1
158,163,6
158,164,9
158,165,5
178,179,2
178,180,2
178,181,3
179,180,52
179,319,4
179,392,3
179,404,1
179,422,12
179,517,9
179,533,10
179,629,1
179,631,1
179,654,1
179,655,1
179,656,1
179,658,1
179,662,1
180,181,12
180,205,2
180,392,4
180,533,2
180,653,7
181,205,6
181,251,10
181,392,14
181,404,58
181,461,38
181,517,17
181,533,29
181,545,12
181,566,9
181,567,5
181,569,3
181,569,15
181,620,3
181,621,39
181,622,16
181,623,18
181,624,23
181,631,267
181,651,3
181,653,4
181,667,15
181,667,8
181,668,6
181,668,8
181,669,4
181,669,10
181,749,9
181,1137,10
181,1137,22
181,1138,8
181,1138,9
181,1141,10
181,1141,2
181,1142,3
181,1142,1
181,1143,6
181,1143,14
181,1144,2
181,1144,9
181,1145,4
181,1145,10
181,1146,10
181,1146,4
181,1148,7
181,1151,2
181,1189,34
183,184,2
183,185,2
183,190,1
183,319,8
183,533,3
183,654,4
183,656,2
184,185,3
184,190,3
184,209,4
184,212,6
184,216,8
184,222,2
184,229,2
184,231,2
184,296,3
184,319,9
184,422,12
184,533,9
184,656,3
184,662,3
184,1300,6
184,1304,5
184,1322,5
184,1332,5
184,1337,3
184,1504,5
185,188,10
185,189,12
185,190,12
185,191,5
185,192,2
185,194,3
185,196,7
185,197,17
185,200,4
185,201,8
185,202,4
185,203,1
185,205,2
185,207,1
185,209,7
185,212,13
185,216,27
185,222,3
185,229,12
185,231,7
185,1300,3
185,1304,2
188,194,1
188,196,3
188,197,17
188,200,3
188,201,34
188,224,1
188,225,2
188,228,1
188,403,4
188,441,8
189,190,1
189,194,2
189,194,2
189,196,2
189,196,2
189,201,8
189,202,1
189,209,1
189,212,1
189,216,6
189,224,1
189,229,1
189,231,1
189,233,9
189,234,2
189,234,2
189,241,20
189,242,65
189,245,66
189,246,2
189,253,6
189,254,1
189,303,6
189,309,5
189,313,9
189,315,29
189,318,56
189,319,35
189,326,2
189,327,3
189,331,8
189,334,8
189,335,7
189,349,16
189,357,10
189,381,6
189,382,9
189,383,3
189,390,21
189,391,1
189,392,2
189,394,1
189,399,3
189,402,5
189,403,13
189,404,4
189,414,28
189,422,3
189,441,6
189,468,11
189,475,1
189,476,17
189,478,1
189,480,3
189,483,15
189,484,39
189,489,9
189,491,10
189,493,16
189,496,7
189,515,23
189,517,29
189,518,6
189,519,14
189,521,39
189,533,37
189,561,2
189,562,9
189,563,2
189,565,3
189,584,12
189,585,7
189,587,36
189,654,15
189,655,4
189,656,10
189,658,12
189,662,24
189,761,4
189,763,2
189,765,2
189,766,13
189,1296,9
189,1300,4
189,1304,2
189,1322,2
189,1328,16
189,1332,3
189,1337,2
189,1363,1
189,1373,3
189,1504,2
190,191,4
190,196,2
190,202,1
190,216,6
190,241,16
190,242,54
190,245,28
190,250,2
190,253,5
190,282,11
190,303,9
190,303,2
190,305,3
190,306,6
190,307,5
190,308,5
190,309,3
190,309,7
190,313,4
190,315,11
190,319,7
190,327,5
190,331,17
190,334,6
190,335,5
190,349,12
190,357,19
190,358,2
190,382,8
190,383,6
190,390,23
190,391,4
190,392,13
190,394,2
190,403,3
190,414,7
190,422,37
190,468,4
190,476,3
190,483,14
190,484,17
190,489,3
190,491,2
190,493,3
190,496,3
190,515,3
190,517,45
190,519,12
190,521,35
190,533,69
190,562,7
190,584,4
190,651,4
190,654,4
190,656,2
190,658,5
190,662,34
190,761,3
190,764,1
190,766,2
190,1300,5
190,1303,14
190,1304,2
190,1319,3
190,1322,19
190,1323,7
190,1328,56
190,1332,18
190,1337,6
190,1352,7
190,1353,8
190,1364,4
190,1365,4
190,1417,4
190,1421,7
190,1482,9
190,1490,3
190,1491,3
190,1494,3
190,1504,6
191,196,4
191,319,17
191,388,22
191,422,13
191,533,5
191,562,31
191,631,4
191,656,4
191,1300,6
191,1504,6
192,230,16
192,231,3
192,239,3
192,253,7
192,267,4
192,269,2
192,272,14
192,280,11
192,295,3
192,313,3
192,314,2
192,315,15
192,318,2
192,319,10
192,325,9
192,326,7
192,327,7
192,331,4
192,334,2
192,335,3
192,349,8
192,382,3
192,390,5
192,401,2
192,404,10
192,414,6
192,465,3
192,468,3
192,484,6
192,515,3
192,517,2
192,521,4
192,533,3
192,545,2
192,547,4
192,566,2
192,573,3
192,578,8
192,605,2
192,615,2
192,629,3
192,654,16
192,662,5
192,663,3
192,749,6
192,770,6
194,197,8
194,197,2
194,216,3
194,234,3
194,241,1
194,245,4
194,318,7
194,319,3
194,327,5
194,441,4
194,442,2
194,444,3
194,445,2
194,476,10
194,482,2
194,483,2
194,484,34
194,491,6
194,493,7
194,496,1
194,517,3
194,519,6
194,521,5
194,584,11
194,585,13
194,587,27
194,656,3
194,766,4
196,202,1
196,209,1
196,212,3
196,216,4
196,229,1
196,231,1
196,245,4
196,318,12
196,319,3
196,382,3
196,446,4
196,561,32
196,562,2
196,654,6
196,656,3
196,662,4
197,216,30
197,222,3
197,327,11
197,391,7
197,441,13
197,442,4
197,463,2
197,478,2
197,483,46
197,484,6
197,489,15
197,491,12
197,493,4
197,496,3
197,519,32
197,520,15
197,521,4
197,524,15
197,547,3
197,584,5
197,587,9
197,589,33
197,766,16
197,1366,3
200,201,7
200,233,42
200,241,6
200,245,3
200,253,2
200,318,8
200,319,3
200,349,2
200,381,2
200,383,6
200,399,2
200,403,4
200,444,3
200,476,10
200,489,2
200,491,1
200,493,1
200,533,6
200,547,1
200,654,2
200,656,2
200,761,3
200,763,1
200,765,1
200,766,1
200,767,1
200,768,1
200,769,2
200,770,1
201,216,2
201,222,6
201,225,3
201,228,2
201,229,1
201,231,8
201,233,3
201,245,3
201,245,3
201,349,9
201,381,6
201,383,3
201,399,3
201,403,2
201,414,23
201,441,15
201,491,6
201,493,7
201,547,15
201,761,14
201,763,17
201,765,7
201,766,15
201,767,7
201,768,4
201,769,4
201,770,5
202,241,4
202,242,19
202,245,2
202,303,16
202,313,17
202,315,8
202,319,32
202,325,1
202,326,2
202,331,6
202,349,3
202,381,4
202,422,12
202,515,4
202,521,4
202,533,10
202,546,3
202,562,3
202,656,2
202,662,14
202,761,1
202,1328,51
202,1332,3
202,1337,3
203,207,9
203,209,1
203,210,2
203,211,67
203,216,10
203,218,1
203,221,8
203,229,2
203,231,1
203,241,44
203,248,4
203,253,15
203,259,5
203,259,3
203,260,5
203,261,6
203,266,8
203,269,1
203,272,3
203,547,3
203,550,3
203,768,7
203,779,2
203,785,5
203,788,1
203,791,54
203,797,3
203,801,3
203,808,3
203,812,27
203,813,5
203,815,3
203,816,5
203,819,4
203,821,3
203,822,3
203,830,17
203,831,12
203,837,23
203,838,11
203,841,14
203,842,11
203,1353,6
205,209,2
205,212,2
205,216,2
205,217,2
205,221,2
205,228,2
205,229,2
205,230,2
205,233,2
205,241,2
205,242,2
205,243,2
205,250,2
205,251,2
205,253,2
205,261,2
205,267,2
205,296,2
205,309,2
205,318,4
205,319,2
205,331,2
205,334,2
205,337,2
205,349,2
205,355,2
205,357,2
205,358,2
205,375,2
205,382,2
205,383,2
205,390,2
205,391,2
205,392,2
205,394,2
205,395,2
205,396,2
205,397,2
205,398,2
205,401,4
205,402,2
205,403,2
205,404,2
205,405,2
205,411,2
205,422,2
205,428,2
205,430,2
205,432,2
205,433,2
205,434,2
205,435,2
205,442,2
205,446,2
205,447,2
205,451,2
205,452,2
205,454,2
205,465,2
205,466,2
205,468,2
205,471,2
205,473,2
205,475,2
205,476,2
205,478,2
205,482,2
205,483,2
205,485,2
205,486,2
205,489,2
205,490,2
205,491,2
205,493,2
205,496,2
205,500,3
205,502,2
205,517,2
205,530,2
205,533,2
205,538,2
205,545,2
205,547,2
205,551,2
205,552,2
205,553,2
205,554,2
205,555,2
205,561,2
205,562,2
205,565,2
205,566,2
205,568,2
205,572,2
205,573,2
205,589,2
205,618,2
205,619,2
205,620,2
205,629,2
205,654,2
205,655,2
205,658,2
205,663,2
205,677,2
205,684,2
205,686,2
205,690,2
205,694,2
205,695,2
205,697,2
205,701,2
205,704,2
205,705,2
205,709,2
205,710,2
205,716,2
205,717,2
205,718,2
205,723,2
205,725,2
205,728,2
205,732,2
205,733,2
205,735,2
205,739,2
205,741,2
205,742,2
205,743,2
205,749,2
205,764,2
205,768,2
205,770,2
205,792,2
205,797,2
205,800,3
205,801,2
205,803,2
205,804,2
205,806,2
205,807,2
205,808,2
205,809,2
205,814,2
205,818,2
205,830,2
205,831,2
205,837,2
205,838,2
205,841,2
205,842,2
205,913,2
205,917,2
205,920,2
205,929,2
205,938,2
205,955,2
205,959,2
205,961,2
205,962,2
205,963,2
205,976,2
205,992,2
205,993,3
205,1006,2
205,1007,2
205,1024,2
205,1025,2
205,1033,2
205,1034,5
205,1052,2
205,1147,2
205,1150,2
205,1189,2
205,1191,2
205,1192,2
205,1193,2
205,1194,2
205,1208,2
205,1209,2
205,1213,2
205,1220,2
205,1224,2
205,1227,2
205,1229,2
205,1231,2
205,1232,2
205,1234,2
205,1238,2
205,1239,2
205,1242,2
205,1243,2
205,1246,2
205,1380,2
205,1383,2
205,1512,2
205,1513,2
205,1514,2
205,1557,2
207,209,1
207,211,37
207,216,4
207,229,2
207,259,10
207,261,5
207,768,4
207,791,14
207,812,31
207,813,2
207,816,3
207,831,1
207,838,1
207,842,1
207,1353,2
209,210,10
209,211,4
209,1322,2
209,1332,2
209,1337,2
210,211,36
210,216,8
210,219,4
210,221,36
210,229,8
210,241,31
210,259,3
210,260,9
210,261,12
210,266,16
210,269,24
210,279,10
210,297,9
210,405,19
210,405,1
210,617,9
210,755,14
210,791,43
210,792,6
210,793,11
210,812,21
210,813,2
210,814,7
210,815,26
210,816,29
210,817,12
210,818,11
210,819,15
210,820,8
210,821,18
210,822,7
210,823,3
210,827,7
210,831,4
210,832,7
210,838,3
210,839,7
210,842,3
210,843,20
210,1295,3
210,1296,18
210,1299,3
210,1300,12
210,1303,19
210,1322,7
210,1323,7
210,1328,60
210,1332,21
210,1337,31
210,1364,17
210,1365,17
210,1417,12
210,1431,33
210,1447,26
210,1451,15
210,1453,11
210,1455,37
210,1456,13
210,1459,11
210,1493,8
210,1495,8
210,1497,8
210,1505,8
210,1506,5
211,216,13
211,219,23
211,221,15
211,229,6
211,241,35
211,250,35
211,259,2
211,260,10
211,261,14
211,262,22
211,313,9
211,381,6
211,414,3
211,562,1
211,768,5
211,791,54
211,792,15
211,812,56
211,814,11
211,816,3
211,827,2
211,830,4
211,831,10
211,837,5
211,838,10
211,841,5
211,842,10
211,1353,3
211,1483,39
212,215,2
212,1300,9
212,1304,8
215,259,2
215,1487,6
216,217,2
216,218,2
216,219,3
216,221,2
217,225,3
217,228,6
217,241,2
217,241,31
217,242,7
217,242,3
217,243,3
217,245,4
217,245,2
217,246,4
217,246,6
217,248,2
217,249,13
217,250,4
217,251,3
217,280,1
217,313,4
217,402,18
217,403,12
217,562,1
217,608,2
217,620,7
217,654,22
217,662,7
217,770,1
217,1296,9
217,1319,5
217,1322,5
217,1328,1
217,1332,2
217,1352,1
217,1353,4
217,1363,2
217,1364,2
217,1421,4
217,1490,1
217,1491,1
217,1494,1
217,1504,13
217,1505,11
218,231,2
218,241,9
218,253,14
218,259,6
218,266,2
218,269,2
218,791,22
218,797,5
218,801,5
218,808,5
218,812,22
218,814,4
218,830,18
218,832,2
218,837,18
218,841,13
219,221,4
219,241,16
219,250,108
219,260,9
219,266,59
219,269,25
219,279,15
219,297,17
219,313,8
219,405,17
219,405,1
219,633,1
219,755,6
219,792,7
219,814,6
219,827,6
219,1417,9
219,1483,4
221,241,2
221,260,6
222,662,2
224,225,10
224,225,1
224,228,9
224,233,21
224,242,10
224,243,3
224,246,1
224,303,1
224,309,2
224,318,89
224,319,47
224,331,2
224,349,1
224,355,2
224,357,3
224,358,8
224,369,1
224,382,10
224,383,3
224,390,5
224,392,4
224,401,2
224,402,12
224,404,7
224,414,2
224,451,2
224,468,1
224,515,4
224,517,10
224,518,1
224,519,4
224,521,7
224,533,8
224,538,4
224,561,7
224,589,7
224,654,9
224,655,3
224,658,4
224,662,11
224,761,4
224,1296,2
224,1332,15
225,228,58
225,233,7
225,242,8
225,282,8
225,303,2
225,309,3
225,313,6
225,318,19
225,319,16
225,331,4
225,349,1
225,358,4
225,382,2
225,390,5
225,391,3
225,401,3
225,402,11
225,404,4
225,406,3
225,414,2
225,465,1
225,476,3
225,478,4
225,489,3
225,515,2
225,517,2
225,518,1
225,519,4
225,521,4
225,533,1
225,547,5
225,562,3
225,585,4
225,589,6
225,654,4
225,761,3
225,765,4
225,769,3
225,1296,3
225,1332,6
228,233,8
228,242,2
228,282,7
228,309,4
228,313,5
228,318,14
228,319,27
228,331,1
228,358,10
228,390,4
228,391,2
228,402,16
228,403,5
228,406,2
228,465,1
228,476,11
228,478,3
228,489,2
228,493,2
228,515,2
228,547,4
228,562,2
228,585,5
228,589,5
228,654,4
228,761,2
228,765,3
228,769,2
228,1296,1
228,1300,1
228,1304,1
229,230,3
230,573,1
230,618,2
230,619,17
230,619,2
231,1504,2
233,318,2
234,318,7
234,319,2
234,441,2
234,444,2
234,468,1
234,478,4
234,489,7
234,491,2
234,496,1
234,656,3
239,241,25
239,761,9
241,246,11
241,248,2
241,250,1
241,253,8
241,254,3
241,257,10
241,259,28
241,260,1
241,261,4
241,262,7
241,263,12
241,269,1
242,246,2
242,250,17
242,254,18
243,347,1
243,1296,5
245,246,9
245,249,2
245,251,3
245,254,10
245,309,8
245,309,14
245,318,2
245,331,2
245,337,43
245,358,2
245,360,4
245,363,4
245,365,4
245,368,11
245,369,7
245,383,2
245,390,4
245,402,2
245,403,2
245,403,2
245,476,5
245,477,59
245,483,2
245,538,5
245,539,3
245,550,5
245,551,3
245,552,3
245,553,3
245,554,3
245,555,3
245,556,10
245,557,7
245,560,3
245,562,3
245,656,2
246,309,1
246,313,3
246,358,15
246,369,4
246,369,2
246,382,5
246,402,2
246,403,25
246,521,2
246,533,3
246,562,3
246,620,4
246,654,1
246,662,6
246,1296,4
248,249,2
248,259,4
248,263,3
248,550,4
248,785,3
248,791,3
248,797,5
248,801,5
248,808,5
248,812,7
248,830,3
248,837,3
249,550,1
249,1505,2
250,313,1
250,319,7
250,656,2
250,827,5
250,1483,54
251,401,2
251,424,2
251,476,4
251,620,2
251,631,5
251,651,2
251,654,5
251,667,3
251,669,2
251,781,3
251,803,2
251,1143,2
251,1144,2
251,1145,2
251,1146,2
253,254,3
253,319,3
253,335,2
253,349,3
253,414,4
254,313,3
254,319,7
254,357,3
254,382,6
254,383,4
254,399,2
254,403,9
254,441,2
254,468,8
254,476,2
254,489,3
254,493,5
254,515,7
254,517,19
254,518,4
254,521,8
254,533,16
254,562,2
254,629,7
254,654,4
254,658,4
254,662,9
254,1296,1
254,1332,1
257,319,11
257,519,8
257,578,10
257,595,17
259,269,16
259,272,4
259,547,1
259,785,3
259,791,22
259,797,6
259,801,6
259,808,6
259,812,31
259,814,11
259,817,3
259,818,3
259,820,4
259,823,3
259,830,3
259,832,5
259,837,3
259,839,4
259,841,1
259,843,4
260,633,6
261,262,19
263,550,4
263,553,2
263,779,3
263,785,3
263,788,3
263,791,3
263,797,3
263,800,18
263,801,3
263,803,35
263,808,3
263,809,8
263,812,2
263,830,6
263,837,5
263,841,4
265,266,12
265,267,6
266,267,2
266,269,1
266,272,2
267,280,4
267,295,3
267,314,50
267,325,5
267,331,7
267,334,3
267,335,2
267,391,3
267,484,2
267,589,6
267,618,1
267,918,2
267,1000,14
267,1002,4
267,1004,2
267,1007,3
268,269,6
269,272,2
269,279,11
272,550,1
272,608,2
272,787,4
272,791,6
272,797,10
272,801,10
272,808,10
272,812,24
272,814,4
272,830,10
272,837,18
279,297,5
279,1417,5
280,315,2
280,578,4
280,782,4
282,313,2
282,319,9
283,441,5
283,446,23
283,482,2
283,484,5
283,490,3
283,542,6
283,543,4
283,544,6
283,545,11
283,546,7
283,562,7
283,565,2
283,566,5
283,662,3
283,1303,3
284,303,6
288,289,2
288,342,4
288,1161,6
288,1162,2
289,291,15
289,342,2
289,1162,1
289,1165,1
290,291,1
290,1162,4
291,292,24
291,294,2
291,343,15
291,344,15
291,1162,4
291,1165,2
291,1168,5
291,1168,18
291,1170,9
291,1173,6
292,342,3
295,315,5
295,578,4
296,306,2
296,308,2
296,319,2
296,327,2
296,388,2
296,518,4
296,519,13
296,521,9
296,528,3
296,578,3
296,581,2
296,751,10
296,763,5
297,633,6
303,313,6
303,319,4
303,331,2
303,656,2
305,319,20
305,656,3
306,319,27
306,349,9
306,422,11
306,533,2
306,656,6
306,1328,6
307,313,13
307,319,11
307,325,1
307,334,17
307,422,37
307,533,19
307,656,5
307,1322,5
307,1332,6
307,1352,21
307,1353,66
307,1373,21
308,319,22
308,326,21
308,422,18
308,533,18
308,656,5
308,1322,5
308,1332,5
308,1352,9
308,1353,9
308,1373,8
309,319,22
309,357,21
309,358,9
309,359,8
309,360,13
309,362,8
309,363,13
309,364,8
309,365,13
309,366,8
309,367,3
309,367,3
309,368,73
309,368,3
309,369,8
309,369,3
309,371,2
309,387,8
309,422,7
309,557,31
309,651,3
309,656,3
309,1303,3
309,1417,1
313,314,58
313,314,2
313,315,4
313,318,24
313,319,10
313,319,37
313,320,5
313,321,3
313,322,4
313,413,3
313,465,14
315,325,5
315,325,3
315,326,3
315,327,55
315,328,4
315,329,3
315,330,3
315,331,5
318,319,302
318,331,71
318,351,5
318,357,2
318,382,20
318,383,28
318,390,4
318,403,41
318,414,26
318,465,3
318,484,1
318,515,3
318,533,10
318,654,1
318,1332,4
319,321,3
319,326,5
319,331,16
319,331,13
319,334,7
319,334,11
319,335,2
319,337,5
319,351,7
319,357,8
319,368,3
319,371,3
319,381,2
319,382,3
319,383,3
319,386,8
319,387,4
319,388,9
319,390,8
319,390,22
319,391,2
319,392,4
319,392,2
319,394,2
319,395,39
319,396,9
319,397,3
319,398,2
319,403,18
319,465,17
319,484,3
319,489,4
319,491,4
319,533,30
319,654,6
319,662,5
319,1295,4
319,1304,3
319,1332,22
319,1337,7
319,1366,3
319,1373,5
319,1451,4
321,390,3
321,511,2
321,633,2
322,351,23
322,390,8
322,394,8
322,396,7
322,397,4
322,401,5
322,578,20
322,581,2
322,633,5
325,326,15
325,334,11
325,414,12
326,331,2
326,334,6
326,414,3
331,337,5
331,413,3
331,413,1
331,414,14
331,414,22
331,662,9
331,1337,5
334,335,2
334,337,5
337,357,7
337,390,5
337,450,3
337,468,3
337,475,6
337,477,27
337,515,3
337,517,5
337,521,3
337,525,9
337,527,3
337,538,2
337,539,3
337,550,17
337,556,6
337,557,6
337,560,3
337,1189,7
337,1190,6
337,1190,3
337,1191,6
337,1192,7
337,1193,6
337,1194,14
337,1363,3
342,343,4
342,344,6
342,1156,14
343,1165,2
343,1173,2
344,519,6
347,800,19
347,830,11
349,383,2
351,395,12
351,401,4
351,510,33
351,578,15
351,581,12
351,633,5
351,1038,4
351,1060,10
357,358,2
357,358,5
357,359,11
357,360,26
357,361,9
357,362,7
357,363,13
357,364,8
357,365,10
357,366,29
357,367,4
357,368,66
357,369,8
357,370,10
357,371,7
357,372,3
357,373,2
357,374,10
357,375,7
357,376,3
357,377,3
357,378,3
357,379,7
357,380,3
357,662,2
358,369,2
358,394,2
358,402,1
358,403,5
358,404,6
358,404,1
358,405,2
358,521,6
358,662,3
358,1296,3
359,368,8
359,422,9
360,368,8
360,422,7
360,557,6
360,1303,7
360,1417,4
361,366,4
361,368,7
361,422,2
361,631,4
362,368,8
362,422,9
363,368,8
363,422,8
363,557,5
364,368,6
364,422,6
365,368,6
365,557,5
365,1303,4
366,368,12
366,422,15
366,631,5
368,386,6
368,387,8
368,422,55
368,557,6
368,631,4
368,1303,5
368,1417,2
369,402,5
369,403,10
369,404,14
369,404,3
369,521,4
369,533,3
369,542,1
369,546,1
369,562,2
369,662,5
369,1296,3
369,1303,1
370,371,6
370,375,1
371,542,2
371,1038,8
371,1051,5
371,1052,9
372,1042,3
372,1044,2
373,377,3
374,379,4
374,1049,9
375,378,2
375,1038,23
375,1051,3
375,1052,2
375,1054,2
375,1055,2
375,1056,58
376,1045,2
378,1040,2
378,1046,2
379,1049,14
380,1048,2
382,399,2
382,403,10
382,475,3
382,496,3
382,533,4
382,654,4
382,662,3
383,401,4
383,403,16
383,475,3
383,515,13
383,517,8
383,521,4
383,533,4
383,654,6
383,662,3
383,1363,5
386,422,6
387,422,8
388,422,6
388,562,12
388,1300,5
388,1504,5
390,401,30
390,403,4
390,511,2
390,654,4
390,1332,3
391,403,3
391,482,4
391,483,30
391,484,18
391,586,3
391,1296,4
391,1366,6
394,758,25
395,396,2
395,396,25
395,397,7
395,397,12
395,533,2
395,1038,16
395,1054,3
395,1055,3
395,1056,6
396,510,26
396,533,7
396,1038,14
396,1056,9
397,510,9
397,1038,5
397,1056,9
401,510,10
402,403,7
402,654,15
402,662,2
403,517,3
403,533,3
403,542,9
403,543,7
403,544,3
403,545,3
403,546,4
403,547,4
403,548,3
403,549,3
404,569,5
404,572,5
404,620,1
404,621,2
404,622,2
404,623,2
404,624,4
404,626,10
406,409,7
406,411,7
409,411,9
409,411,5
409,781,8
411,781,10
418,422,88
418,533,30
418,631,5
418,1373,42
422,533,91
422,631,25
422,1343,140
422,1373,39
424,428,22
424,431,2
424,435,1
428,1352,92
430,431,3
431,432,3
433,1353,17
441,442,4
441,442,10
441,443,47
441,444,29
441,445,10
441,446,5
442,443,34
442,444,1
442,445,4
442,446,2
442,447,2
442,448,3
443,446,4
443,448,2
444,445,2
444,445,1
444,447,2
444,447,3
444,448,2
444,456,2
444,456,2
444,465,4
444,468,8
444,476,2
444,478,5
444,480,4
444,482,3
444,486,2
444,489,16
444,491,15
444,493,9
444,496,2
445,448,2
445,459,3
445,476,24
445,478,2
445,480,3
445,482,10
445,486,6
445,489,2
445,491,13
445,493,4
446,482,2
446,490,5
447,448,5
447,468,13
447,476,15
447,486,4
447,496,5
448,468,3
448,472,2
448,476,12
448,478,3
448,482,2
448,486,4
448,487,2
448,489,20
448,491,2
448,496,3
450,451,8
451,452,9
451,452,1
451,454,1
451,454,6
456,468,2
456,476,8
459,480,5
459,482,2
459,489,5
459,677,2
463,482,2
463,491,6
465,466,4
465,467,6
466,467,21
466,478,7
466,485,30
466,670,18
466,677,6
466,689,5
466,695,15
466,702,4
466,1384,20
467,670,2
468,470,16
468,471,17
468,472,8
468,473,5
468,475,1
470,471,31
475,476,9
475,477,3
476,486,3
476,487,5
476,489,4
476,491,2
476,493,3
476,496,3
476,499,2
476,500,8
476,501,2
476,502,2
477,530,11
477,530,6
477,539,4
477,556,8
477,557,11
477,560,4
477,1187,8
477,1189,4
477,1191,7
477,1192,10
477,1193,3
477,1194,5
478,480,9
478,482,7
478,482,2
478,483,10
478,484,1
478,485,13
478,493,1
480,482,13
480,483,18
480,489,23
482,483,6
482,484,105
482,489,10
482,489,66
482,490,8
482,490,17
482,491,18
482,493,3
483,484,3
483,489,40
483,493,4
483,589,42
483,1296,1
483,1366,22
484,489,17
484,490,2
484,491,2
484,584,6
484,585,6
484,587,6
484,589,34
484,591,1
484,591,6
485,670,6
485,673,2
485,689,2
485,1384,7
486,487,9
486,488,2
487,488,10
487,489,70
488,489,18
489,490,8
489,491,2
489,491,5
493,494,6
493,495,2
494,496,15
495,589,1
495,766,6
500,670,19
500,673,15
500,674,11
500,677,8
500,678,3
500,682,10
500,683,8
500,685,3
500,689,2
500,690,10
500,694,1
500,695,1
500,696,8
500,697,5
500,698,11
500,1379,3
500,1381,12
500,1388,10
500,1390,12
500,1398,19
500,1399,26
500,1400,13
500,1401,29
501,674,2
501,694,5
501,1379,2
501,1381,2
501,1398,3
501,1399,3
501,1401,3
502,670,9
502,674,6
502,677,6
502,683,18
502,698,8
502,702,13
502,703,21
502,710,1
502,716,6
502,1379,3
502,1381,2
502,1388,1
510,533,3
510,578,26
510,581,10
510,633,3
510,1061,4
512,518,2
512,519,9
512,521,4
512,527,1
512,528,10
515,516,3
515,517,2
515,518,14
516,518,8
517,629,2
517,656,4
519,520,2
519,521,33
519,524,4
520,524,6
527,528,11
530,539,7
530,556,15
530,557,12
530,560,9
530,1183,3
530,1184,14
530,1194,1
533,621,2
533,624,2
533,628,3
533,629,8
533,631,8
533,633,7
533,636,4
533,637,12
533,638,7
533,640,9
533,641,24
533,642,36
533,643,15
533,644,2
533,654,3
533,662,3
533,1373,46
542,562,26
543,562,30
544,562,85
545,562,11
545,566,3
545,567,2
545,567,3
546,562,8
547,764,65
547,1296,6
548,767,2
549,767,2
550,551,20
550,552,14
550,553,68
550,554,32
550,555,15
550,779,3
550,781,44
550,785,2
550,788,27
550,789,8
550,796,4
550,806,19
550,810,41
550,811,6
551,781,6
551,785,1
551,788,3
551,789,3
551,791,3
551,793,3
551,796,5
551,797,5
551,800,18
552,781,3
552,785,1
552,788,3
552,789,2
552,791,4
552,793,3
552,796,5
552,807,2
552,808,5
552,809,7
553,617,3
553,781,9
553,785,1
553,788,9
553,789,11
553,800,104
553,811,14
553,812,12
553,830,6
553,836,3
554,617,3
554,781,6
554,785,1
554,788,15
554,789,15
554,802,19
554,803,30
554,805,5
554,807,3
554,810,4
554,811,14
554,812,12
554,837,5
554,840,3
555,617,3
555,781,3
555,785,1
555,788,8
555,789,7
555,807,3
555,809,7
555,810,4
555,811,14
555,812,11
555,841,7
555,844,3
561,562,29
561,568,6
562,563,4
562,565,20
562,566,1
562,568,6
562,662,2
562,1303,2
563,565,6
563,565,3
566,567,2
567,569,4
569,620,5
569,631,64
569,651,5
569,667,14
569,668,7
569,669,9
569,1137,24
569,1138,10
569,1141,3
569,1142,24
569,1143,14
569,1144,9
569,1145,9
569,1146,9
569,1148,8
569,1151,16
572,573,3
572,654,5
573,1296,1
578,581,38
578,1364,1
581,583,392
581,1365,2
584,585,19
584,586,3
585,587,59
585,589,3
585,589,3
586,587,3
589,766,3
593,594,24
593,595,4
593,599,4
595,599,3
595,602,5
595,603,5
595,604,7
595,607,6
595,609,7
595,610,9
595,611,8
595,613,4
596,605,7
596,608,4
598,599,5
598,607,1
599,607,3
602,607,1
603,604,3
603,607,1
604,607,1
605,607,4
605,608,2
607,609,1
607,611,1
607,613,1
607,615,4
608,615,2
608,616,1
608,617,2
609,610,5
615,616,1
617,811,1
617,812,31
617,813,1
617,814,17
617,816,19
617,830,3
617,831,32
617,832,2
617,837,3
617,838,33
617,839,2
617,841,2
617,842,32
617,843,1
618,962,2
619,663,1
621,651,2
624,651,14
631,667,22
631,668,8
631,669,3
636,637,4
636,641,2
636,641,4
636,1070,1
637,641,1
637,641,1
637,642,8
637,643,6
637,644,3
637,1070,4
637,1071,3
637,1072,8
637,1121,3
638,641,2
638,641,10
638,1070,1
640,643,3
640,644,5
640,1069,3
640,1070,3
640,1095,4
640,1096,4
641,642,4
641,1068,5
641,1070,3
641,1094,2
641,1094,4
641,1115,2
641,1115,5
641,1116,18
641,1116,34
642,644,2
642,1070,3
642,1071,3
643,644,5
643,1069,6
643,1070,6
643,1072,5
643,1089,3
643,1095,3
643,1096,3
643,1098,6
644,1068,2
644,1069,28
644,1070,24
644,1071,2
644,1074,2
644,1075,8
644,1076,4
644,1077,2
644,1078,3
644,1079,2
644,1080,2
644,1081,2
644,1082,2
644,1083,4
644,1084,2
644,1085,2
644,1086,2
644,1087,2
644,1088,3
644,1089,3
644,1090,2
644,1091,2
644,1092,2
644,1093,3
644,1094,2
644,1095,2
644,1096,3
644,1097,3
644,1098,75
644,1099,16
644,1100,2
644,1101,2
644,1102,2
644,1103,2
644,1104,2
644,1105,2
644,1106,2
644,1107,2
644,1108,2
644,1109,2
644,1110,2
644,1111,2
644,1112,2
644,1115,2
644,1116,10
644,1118,4
644,1120,4
644,1121,2
644,1124,9
644,1125,36
657,658,4
658,660,3
662,1295,4
662,1296,17
662,1299,4
662,1300,6
662,1303,39
662,1319,15
662,1322,36
662,1323,13
662,1328,92
662,1332,33
662,1337,27
662,1352,11
662,1353,9
662,1363,12
662,1364,16
662,1365,9
662,1417,21
662,1421,17
662,1431,43
662,1447,34
662,1451,19
662,1453,13
662,1455,40
662,1456,16
662,1457,10
662,1459,16
662,1482,10
662,1490,7
662,1491,7
662,1493,3
662,1494,7
662,1495,3
662,1497,3
662,1504,14
662,1505,9
662,1506,13
670,682,13
670,683,4
670,684,8
670,685,1
670,687,2
670,694,13
670,695,3
670,704,3
670,705,4
670,710,16
670,712,6
670,714,2
670,716,4
670,717,3
670,718,2
670,736,16
670,737,2
670,738,6
670,743,54
670,744,9
670,1383,6
670,1390,2
673,682,5
673,689,5
673,689,7
673,694,5
673,695,3
673,710,18
673,718,13
673,741,3
673,743,3
673,1381,1
674,677,3
674,682,7
674,683,4
674,684,4
674,685,1
674,687,2
674,689,3
674,694,12
674,698,2
674,701,2
674,704,41
674,705,11
674,709,2
674,710,7
674,712,18
674,716,5
674,717,3
674,718,29
674,723,5
674,728,2
674,733,7
674,736,3
674,737,2
674,738,2
674,741,9
674,743,6
674,744,2
674,1390,5
677,684,2
677,694,3
677,697,2
677,697,6
677,698,41
677,698,6
677,702,20
677,704,32
677,705,8
677,710,32
677,712,7
677,716,5
677,717,3
677,718,8
677,721,7
677,723,16
677,725,8
677,735,10
677,736,2
677,742,10
677,743,2
677,1399,3
677,1401,3
677,1404,4
677,1407,7
678,682,15
678,686,1
678,728,2
678,741,2
678,1399,2
678,1401,2
681,689,6
681,710,19
681,714,2
682,683,6
682,684,6
682,685,23
682,686,3
682,687,3
682,688,3
682,689,2
682,690,5
683,694,8
683,701,7
683,704,8
683,705,4
683,710,16
683,712,11
683,714,13
683,716,12
683,717,4
683,718,10
683,1381,1
683,1388,5
683,1390,6
683,1398,5
683,1399,5
683,1400,1
683,1401,6
684,685,4
684,689,3
684,698,2
684,702,28
684,703,3
684,725,22
684,726,3
684,1379,11
685,1385,1
686,723,17
686,726,4
686,728,44
686,741,7
686,741,6
687,726,3
687,737,7
687,744,3
687,1379,5
687,1399,5
687,1401,5
688,702,7
688,735,11
688,743,10
689,696,3
689,701,4
689,702,6
689,702,6
689,703,7
689,710,25
689,718,4
689,1381,2
689,1385,2
690,741,3
690,743,3
694,709,8
694,1379,3
695,696,21
695,1382,9
697,698,2
697,733,3
697,741,3
698,702,7
698,710,9
698,716,8
698,717,5
698,725,4
698,733,4
698,736,2
698,741,6
698,743,2
698,1404,7
701,702,4
701,703,9
701,1379,4
702,703,44
702,710,51
702,725,17
702,725,1
702,1379,4
702,1404,3
702,1405,3
703,710,59
703,725,6
704,1379,4
705,1379,2
710,1381,8
710,1388,10
712,1379,4
712,1390,4
714,716,6
714,1379,5
717,1379,2
717,1399,7
717,1401,7
723,732,4
723,733,9
723,741,23
726,735,11
726,739,4
728,732,32
728,1379,12
728,1381,3
728,1399,15
728,1401,23
730,735,55
730,736,9
730,738,2
730,739,3
730,742,49
730,743,32
730,744,2
730,1399,7
730,1401,7
730,1404,3
730,1405,2
732,733,8
735,736,17
736,737,2
736,738,3
737,738,4
737,739,1
737,743,2
737,1379,4
738,739,5
739,744,8
742,743,34
742,1404,11
742,1405,11
743,744,8
747,749,1
747,751,11
748,749,3
748,749,3
749,750,2
749,750,3
749,751,2
749,751,5
755,782,2
755,1417,3
772,774,1
772,1417,1
772,1552,2
772,1557,2
774,775,6
774,776,5
774,777,10
774,777,4
774,779,3
774,781,9
774,782,2
774,1417,1
774,1552,3
774,1557,3
775,776,15
775,777,6
775,779,10
776,777,4
776,779,5
777,1417,2
777,1552,3
777,1557,3
779,781,6
779,788,2
779,789,2
779,836,5
779,840,3
779,844,2
781,785,11
781,787,7
781,788,6
781,791,11
781,797,9
781,800,153
781,801,10
781,803,110
781,806,3
781,807,2
781,808,8
781,809,90
781,810,40
781,811,4
781,812,31
781,813,2
781,814,2
781,830,8
781,831,2
781,832,2
781,837,12
781,838,2
781,839,2
781,841,6
781,842,2
781,843,2
781,1198,16
781,1207,3
781,1208,32
782,1417,1
782,1552,2
782,1557,2
785,787,5
785,788,1
785,789,2
785,791,96
785,797,34
785,801,35
785,806,1
785,808,34
785,812,117
785,830,41
785,837,49
785,841,25
787,788,3
787,791,11
787,797,2
787,801,2
787,808,2
787,812,11
787,830,2
787,837,3
787,841,2
788,789,2
788,796,3
788,806,9
789,796,6
789,797,8
789,800,38
789,801,8
789,803,32
789,806,6
789,808,9
789,809,21
789,812,8
789,813,2
789,814,2
789,830,9
789,831,3
789,832,3
789,836,4
789,837,41
789,838,3
789,839,6
789,840,7
789,841,16
789,842,3
789,843,3
789,844,5
789,1213,1
791,792,106
791,793,33
791,796,1
791,797,43
791,801,50
791,806,3
791,808,44
792,793,2
792,797,12
792,801,9
792,808,9
793,796,4
793,797,2
793,801,2
793,806,3
793,808,2
796,806,5
797,800,6
800,830,21
800,1198,14
800,1202,12
801,802,16
801,803,14
801,804,8
801,805,8
801,806,5
802,803,6
802,803,56
802,804,8
802,805,19
802,805,10
802,806,12
802,837,29
802,838,14
802,839,21
802,840,18
802,1213,12
803,804,7
803,805,8
803,806,9
803,807,2
803,837,40
803,838,5
803,839,10
803,840,7
803,1198,25
803,1213,40
804,805,3
804,838,5
804,839,5
804,840,11
804,1213,7
805,837,5
805,838,7
805,839,12
805,840,9
806,807,2
807,809,2
807,810,3
807,837,1
807,1207,1
807,1207,2
808,809,6
809,841,6
809,1198,1
810,811,1
810,1505,4
812,813,25
812,814,28
812,815,2
812,816,3
812,817,3
812,818,2
812,819,2
812,820,2
812,821,3
812,822,2
812,823,2
812,827,3
812,830,50
812,837,56
812,841,37
813,830,5
813,831,209
813,837,4
813,838,185
813,841,5
813,842,199
814,818,4
814,830,3
814,832,27
814,837,3
814,839,20
814,841,1
814,843,23
815,830,3
815,837,3
815,841,3
830,831,3
830,832,3
837,838,5
837,839,3
841,842,4
841,843,4
848,849,2
848,850,9
848,851,3
848,852,2
849,851,18
849,852,2
849,853,2
849,853,3
849,858,2
849,861,1
849,864,5
849,868,2
849,870,2
849,872,2
849,875,2
849,878,1
849,879,2
849,884,1
849,888,1
849,889,1
849,891,1
849,892,1
849,897,2
849,898,1
849,899,1
849,901,2
849,1427,7
850,851,8
850,855,5
850,857,3
850,857,2
850,858,3
850,859,3
850,860,3
850,861,8
850,862,4
850,863,3
850,864,2
850,865,4
850,866,23
850,868,1
850,870,2
850,870,3
851,852,2
851,853,2
851,861,8
851,862,6
851,864,9
851,868,2
851,872,3
851,881,2
852,872,2
853,880,2
853,894,2
853,895,2
853,896,2
853,902,2
855,871,3
857,866,8
857,872,4
858,872,4
859,865,3
859,866,4
859,868,6
860,865,3
860,866,4
860,868,6
861,865,6
861,866,1
861,868,5
861,887,1
862,865,4
862,868,20
863,865,4
863,868,5
863,870,2
864,865,3
864,866,8
864,868,23
864,872,3
865,866,1
865,868,2
865,875,3
865,877,3
865,878,3
865,879,4
865,880,3
865,881,4
865,883,3
865,884,3
865,885,3
865,886,3
865,887,34
865,888,3
865,889,3
865,890,3
865,891,3
865,892,3
865,894,3
865,895,3
865,896,3
865,897,3
865,898,3
865,899,3
865,900,3
865,901,3
865,902,3
865,903,4
865,904,3
865,905,214
865,906,14
865,907,128
865,908,125
865,909,7
865,910,91
866,868,11
866,870,9
866,875,2
866,877,1
866,878,2
866,879,1
866,880,2
866,883,1
866,884,2
866,888,2
866,889,2
866,891,2
866,892,2
866,894,2
866,895,2
866,896,2
866,897,1
866,898,1
866,899,2
866,901,2
866,902,2
866,907,19
868,874,2
868,875,2
868,876,2
868,877,3
868,878,4
868,879,5
868,880,2
868,881,4
868,883,3
868,884,2
868,886,4
868,887,2
868,888,2
868,889,2
868,890,4
868,891,2
868,892,2
868,894,2
868,895,2
868,896,2
868,897,3
868,898,3
868,899,2
868,900,2
868,901,2
868,902,2
868,903,6
870,872,2
871,872,4
874,880,2
874,894,2
874,895,2
874,896,2
874,902,2
875,876,2
876,884,2
876,885,2
876,888,2
876,889,2
876,891,2
876,892,2
876,899,2
876,901,2
876,904,2
905,906,1
906,909,35
906,910,9
906,911,6
908,910,13
913,914,6
913,917,1
913,920,37
913,920,11
913,921,9
913,924,3
913,926,16
913,927,1
913,928,6
913,928,2
913,929,21
913,930,5
913,931,6
913,931,5
913,932,1
913,934,5
913,934,20
913,935,2
913,936,4
913,936,1
913,937,2
913,937,17
913,938,2
913,938,8
913,955,22
913,957,2
913,959,1
913,969,6
913,970,3
913,993,4
914,915,17
914,918,2
914,920,2
914,924,30
914,926,25
914,928,6
914,930,13
914,931,2
914,932,4
914,934,18
914,935,4
914,937,92
914,938,2
914,946,15
914,949,5
914,955,2
914,957,4
914,959,13
914,961,8
914,970,93
914,972,31
915,918,2
915,920,4
915,938,6
915,955,4
917,920,9
917,921,3
917,924,41
917,946,8
917,955,1
917,973,11
917,974,25
918,920,1
918,924,2
918,926,3
918,927,2
918,928,5
918,930,3
918,938,5
918,948,2
918,962,3
918,963,4
918,976,3
918,978,3
918,998,2
918,1004,3
918,1006,3
918,1007,5
920,921,12
920,928,26
920,930,3
920,930,5
920,931,11
920,934,25
920,936,1
920,937,2
920,938,9
920,938,25
920,946,4
920,949,6
920,955,17
920,957,8
920,959,14
920,961,5
920,962,4
920,962,9
920,969,1
920,970,10
920,972,2
920,976,1
920,993,13
921,928,6
921,929,2
921,931,2
921,935,2
921,936,3
921,938,19
921,955,10
921,957,4
921,962,14
921,970,4
921,976,2
921,992,1
921,993,1
921,1007,4
924,926,11
924,927,43
924,928,473
924,930,12
924,931,9
924,932,22
924,934,40
924,935,44
924,936,19
924,937,255
924,941,54
924,946,67
924,957,117
924,969,84
924,970,138
926,928,25
926,931,2
926,934,7
926,935,7
926,936,2
926,937,109
926,946,4
926,949,4
926,957,16
926,959,5
926,969,5
926,970,31
928,930,1
928,930,29
928,946,5
928,948,2
929,931,9
929,951,24
929,992,5
929,993,6
930,931,2
930,934,43
930,937,99
930,946,1
930,957,2
930,959,5
930,961,1
930,969,4
930,972,2
931,934,4
931,946,4
931,949,3
931,957,7
931,957,1
931,959,2
931,961,27
931,970,2
931,970,9
931,972,2
934,938,17
934,946,2
934,949,1
934,959,1
934,962,3
935,951,12
935,992,5
935,993,5
937,959,4
937,969,2
937,978,13
938,962,8
938,962,31
938,965,3
938,1007,4
946,957,21
946,959,1
946,961,3
946,961,70
946,970,20
948,1000,3
948,1000,1
948,1002,1
949,951,10
949,957,2
949,970,2
951,959,85
951,976,16
957,959,2
959,970,4
959,976,3
961,970,309
962,963,3
962,964,1
962,965,15
962,993,4
962,1007,15
963,998,2
963,1000,5
964,993,5
972,1023,2
972,1024,12
972,1025,2
973,974,19
976,992,5
976,993,4
978,980,2
978,998,8
978,1000,8
992,1007,5
998,1000,4
1000,1002,1
1000,1004,10
1031,1032,5
1038,1052,12
1049,1050,4
1051,1052,5
1054,1056,10
1055,1056,5
1068,1069,3
1068,1069,2
1068,1070,3
1069,1070,6
1069,1071,6
1069,1072,2
1069,1074,21
1069,1074,2
1069,1075,2
1069,1075,7
1069,1076,5
1069,1076,2
1069,1077,2
1069,1077,3
1069,1078,6
1069,1078,2
1069,1079,2
1069,1079,6
1069,1080,5
1069,1080,2
1069,1081,5
1069,1081,2
1069,1082,5
1069,1082,2
1069,1083,2
1069,1083,6
1069,1084,2
1069,1084,2
1069,1085,2
1069,1085,2
1069,1086,2
1069,1086,2
1069,1087,2
1069,1087,2
1069,1088,5
1069,1088,2
1069,1089,2
1069,1089,5
1069,1090,5
1069,1090,2
1069,1091,5
1069,1091,2
1069,1092,2
1069,1092,6
1069,1093,2
1069,1093,7
1069,1095,3
1069,1096,2
1069,1122,2
1070,1071,8
1070,1072,2
1070,1074,3
1070,1075,5
1070,1076,3
1070,1077,2
1070,1078,4
1070,1079,3
1070,1080,3
1070,1081,3
1070,1082,3
1070,1083,5
1070,1084,2
1070,1085,2
1070,1086,2
1070,1087,2
1070,1088,4
1070,1089,4
1070,1090,3
1070,1091,3
1070,1092,3
1070,1093,4
1070,1094,2
1070,1095,1
1070,1096,3
1070,1097,2
1070,1098,12
1070,1098,1
1070,1099,12
1070,1100,4
1070,1101,2
1070,1103,2
1070,1104,2
1070,1107,2
1070,1111,4
1070,1112,4
1070,1114,4
1070,1115,2
1070,1116,10
1070,1118,4
1070,1120,5
1070,1121,1
1070,1122,2
1070,1123,1
1070,1124,5
1070,1125,1
1071,1075,2
1071,1083,6
1071,1088,3
1071,1089,3
1071,1093,2
1071,1094,3
1071,1096,5
1071,1098,1
1071,1099,2
1071,1099,3
1071,1115,3
1071,1116,3
1071,1118,2
1071,1120,6
1072,1084,4
1072,1085,2
1072,1086,4
1072,1087,2
1074,1081,3
1074,1096,6
1074,1097,10
1074,1098,1
1075,1095,4
1075,1098,1
1075,1099,2
1075,1101,2
1075,1103,2
1075,1104,2
1075,1107,2
1075,1112,2
1078,1096,6
1078,1098,1
1079,1118,10
1080,1119,10
1081,1096,1
1081,1098,2
1081,1120,12
1082,1120,10
1085,1122,2
1087,1122,2
1090,1123,10
1091,1125,10
1092,1098,1
1093,1098,2
1095,1098,2
1096,1098,2
1097,1098,1
1098,1099,2
1098,1118,3
1098,1120,1
1098,1120,2
1099,1100,3
1099,1100,2
1099,1101,3
1099,1101,2
1099,1102,2
1099,1103,3
1099,1103,2
1099,1104,3
1099,1104,2
1099,1105,2
1099,1106,3
1099,1106,2
1099,1107,3
1099,1107,2
1099,1108,3
1099,1108,2
1099,1109,2
1099,1110,3
1099,1110,2
1099,1111,3
1099,1111,2
1099,1112,2
1099,1112,3
1099,1114,3
1101,1116,3
1102,1114,2
1103,1116,3
1104,1116,15
1105,1114,2
1107,1116,3
1109,1114,2
1121,1122,7
1123,1124,12
1124,1125,24
1141,1142,1
1141,1151,14
1156,1157,5
1156,1158,4
1183,1184,10
1187,1191,4
1189,1190,4
1190,1191,1
1190,1192,4
1190,1193,9
1190,1194,8
1207,1208,4
1207,1209,4
1220,1222,5
1220,1223,20
1220,1223,4
1220,1224,21
1220,1224,18
1220,1225,3
1220,1226,70
1220,1227,123
1220,1227,8
1220,1229,12
1220,1230,7
1220,1230,2
1220,1231,3
1220,1232,26
1220,1237,2
1220,1239,4
1220,1242,9
1220,1243,11
1220,1245,7
1220,1288,14
1223,1227,6
1223,1227,2
1223,1229,6
1223,1229,2
1223,1230,14
1223,1237,9
1223,1238,11
1223,1239,6
1223,1242,3
1223,1243,1
1223,1245,4
1223,1246,11
1224,1226,108
1224,1227,3
1224,1229,2
1224,1233,1
1224,1243,1
1226,1227,60
1226,1229,2
1226,1229,3
1226,1231,1
1226,1232,111
1226,1233,2
1226,1234,63
1226,1239,18
1226,1256,17
1226,1264,26
1226,1265,10
1226,1270,7
1226,1275,23
1227,1230,17
1227,1234,1
1227,1237,2
1227,1239,7
1227,1239,1
1227,1242,2
1227,1243,2
1227,1245,10
1227,1258,3
1229,1232,3
1229,1234,2
1229,1234,3
1229,1242,6
1229,1243,6
1229,1245,6
1229,1251,36
1229,1256,1
1229,1275,2
1231,1232,6
1231,1233,1
1231,1234,3
1231,1256,4
1231,1265,2
1231,1275,4
1231,1292,2
1232,1234,1
1232,1234,1
1232,1256,3
1232,1261,4
1232,1264,34
1232,1265,16
1232,1266,5
1232,1270,16
1232,1275,2
1232,1285,6
1232,1288,21
1232,1292,6
1234,1239,2
1234,1251,2
1237,1238,13
1237,1242,1
1237,1245,9
1237,1246,8
1238,1242,5
1242,1243,17
1242,1288,16
1243,1288,3
1245,1246,24
1251,1256,2
1256,1259,2
1256,1261,5
1256,1264,136
1256,1265,39
1256,1266,6
1256,1270,44
1256,1285,9
1256,1288,30
1256,1292,3
1258,1259,1
1258,1259,1
1259,1265,7
1295,1296,5
1296,1299,5
1296,1300,12
1296,1303,27
1296,1319,5
1296,1322,24
1296,1323,11
1296,1328,63
1296,1332,37
1296,1337,29
1296,1352,4
1296,1353,6
1296,1363,6
1296,1364,20
1296,1365,18
1296,1417,14
1296,1421,5
1296,1431,52
1296,1447,33
1296,1451,20
1296,1453,18
1296,1455,41
1296,1456,18
1296,1457,11
1296,1459,17
1296,1482,2
1296,1490,3
1296,1491,3
1296,1493,15
1296,1494,3
1296,1495,13
1296,1497,15
1296,1505,11
1296,1506,13
1300,1303,5
1303,1304,5
1303,1322,4
1303,1332,5
1303,1337,5
1303,1504,5
1379,1380,1
1379,1382,2
1379,1383,2
1379,1384,2
1379,1385,2
1482,1493,2
1482,1495,2
1482,1497,2
1504,1505,5
1504,1506,11
1516,1517,17
1518,1520,7
1520,1521,7
1523,1524,8
1524,1526,9
1524,1526,4
1529,1530,3
1529,1532,4
